cbsacode,metropolitandivisioncode,csacode,cbsatitle,metropolitanmicropolitanstatis,metropolitandivisiontitle,csatitle,countycountyequivalent,statename,state_abbreviation,fipsstatecode,fipscountycode,centraloutlyingcounty,county_fips,county_in_cbsa
"33860","","388","Montgomery, AL","Metropolitan Statistical Area","","Montgomery-Selma, AL","Autauga County","Alabama","AL","01","001","Central","01001",1
"19300","","380","Daphne-Fairhope-Foley, AL","Metropolitan Statistical Area","","Mobile-Daphne-Fairhope, AL","Baldwin County","Alabama","AL","01","003","Central","01003",1
"21640","","","Eufaula, AL-GA","Micropolitan Statistical Area","","","Barbour County","Alabama","AL","01","005","Central","01005",1
"13820","","142","Birmingham, AL","Metropolitan Statistical Area","","Birmingham-Cullman-Talladega, AL","Bibb County","Alabama","AL","01","007","Outlying","01007",1
"13820","","142","Birmingham, AL","Metropolitan Statistical Area","","Birmingham-Cullman-Talladega, AL","Blount County","Alabama","AL","01","009","Outlying","01009",1
"","","","","","","","Bullock County","","AL","","","","01011",0
"","","","","","","","Butler County","","AL","","","","01013",0
"11500","","","Anniston-Oxford, AL","Metropolitan Statistical Area","","","Calhoun County","Alabama","AL","01","015","Central","01015",1
"29300","","122","LaGrange, GA-AL","Micropolitan Statistical Area","","Atlanta--Athens-Clarke County--Sandy Springs, GA-AL","Chambers County","Alabama","AL","01","017","Outlying","01017",1
"","","","","","","","Cherokee County","","AL","","","","01019",0
"13820","","142","Birmingham, AL","Metropolitan Statistical Area","","Birmingham-Cullman-Talladega, AL","Chilton County","Alabama","AL","01","021","Outlying","01021",1
"","","","","","","","Choctaw County","","AL","","","","01023",0
"","","","","","","","Clarke County","","AL","","","","01025",0
"","","","","","","","Clay County","","AL","","","","01027",0
"","","","","","","","Cleburne County","","AL","","","","01029",0
"21460","","222","Enterprise, AL","Micropolitan Statistical Area","","Dothan-Enterprise-Ozark, AL","Coffee County","Alabama","AL","01","031","Central","01031",1
"22520","","250","Florence-Muscle Shoals, AL","Metropolitan Statistical Area","","Florence-Muscle Shoals-Russellville, AL","Colbert County","Alabama","AL","01","033","Central","01033",1
"","","","","","","","Conecuh County","","AL","","","","01035",0
"45180","","142","Talladega-Sylacauga, AL","Micropolitan Statistical Area","","Birmingham-Cullman-Talladega, AL","Coosa County","Alabama","AL","01","037","Outlying","01037",1
"","","","","","","","Covington County","","AL","","","","01039",0
"","","","","","","","Crenshaw County","","AL","","","","01041",0
"18980","","142","Cullman, AL","Micropolitan Statistical Area","","Birmingham-Cullman-Talladega, AL","Cullman County","Alabama","AL","01","043","Central","01043",1
"37120","","222","Ozark, AL","Micropolitan Statistical Area","","Dothan-Enterprise-Ozark, AL","Dale County","Alabama","AL","01","045","Central","01045",1
"42820","","388","Selma, AL","Micropolitan Statistical Area","","Montgomery-Selma, AL","Dallas County","Alabama","AL","01","047","Central","01047",1
"22840","","290","Fort Payne, AL","Micropolitan Statistical Area","","Huntsville-Decatur-Albertville, AL-TN","DeKalb County","Alabama","AL","01","049","Central","01049",1
"33860","","388","Montgomery, AL","Metropolitan Statistical Area","","Montgomery-Selma, AL","Elmore County","Alabama","AL","01","051","Central","01051",1
"","","","","","","","Escambia County","","AL","","","","01053",0
"23460","","","Gadsden, AL","Metropolitan Statistical Area","","","Etowah County","Alabama","AL","01","055","Central","01055",1
"","","","","","","","Fayette County","","AL","","","","01057",0
"40770","","250","Russellville, AL","Micropolitan Statistical Area","","Florence-Muscle Shoals-Russellville, AL","Franklin County","Alabama","AL","01","059","Central","01059",1
"20020","","222","Dothan, AL","Metropolitan Statistical Area","","Dothan-Enterprise-Ozark, AL","Geneva County","Alabama","AL","01","061","Outlying","01061",1
"46220","","","Tuscaloosa, AL","Metropolitan Statistical Area","","","Greene County","Alabama","AL","01","063","Outlying","01063",1
"46220","","","Tuscaloosa, AL","Metropolitan Statistical Area","","","Hale County","Alabama","AL","01","065","Outlying","01065",1
"20020","","222","Dothan, AL","Metropolitan Statistical Area","","Dothan-Enterprise-Ozark, AL","Henry County","Alabama","AL","01","067","Outlying","01067",1
"20020","","222","Dothan, AL","Metropolitan Statistical Area","","Dothan-Enterprise-Ozark, AL","Houston County","Alabama","AL","01","069","Central","01069",1
"42460","","174","Scottsboro, AL","Micropolitan Statistical Area","","Chattanooga-Cleveland-Dalton, TN-GA-AL","Jackson County","Alabama","AL","01","071","Central","01071",1
"13820","","142","Birmingham, AL","Metropolitan Statistical Area","","Birmingham-Cullman-Talladega, AL","Jefferson County","Alabama","AL","01","073","Central","01073",1
"","","","","","","","Lamar County","","AL","","","","01075",0
"22520","","250","Florence-Muscle Shoals, AL","Metropolitan Statistical Area","","Florence-Muscle Shoals-Russellville, AL","Lauderdale County","Alabama","AL","01","077","Central","01077",1
"19460","","290","Decatur, AL","Metropolitan Statistical Area","","Huntsville-Decatur-Albertville, AL-TN","Lawrence County","Alabama","AL","01","079","Outlying","01079",1
"12220","","194","Auburn-Opelika, AL","Metropolitan Statistical Area","","Columbus-Auburn-Opelika, GA-AL","Lee County","Alabama","AL","01","081","Central","01081",1
"26620","","290","Huntsville, AL","Metropolitan Statistical Area","","Huntsville-Decatur-Albertville, AL-TN","Limestone County","Alabama","AL","01","083","Central","01083",1
"33860","","388","Montgomery, AL","Metropolitan Statistical Area","","Montgomery-Selma, AL","Lowndes County","Alabama","AL","01","085","Outlying","01085",1
"12220","","194","Auburn-Opelika, AL","Metropolitan Statistical Area","","Columbus-Auburn-Opelika, GA-AL","Macon County","Alabama","AL","01","087","Outlying","01087",1
"26620","","290","Huntsville, AL","Metropolitan Statistical Area","","Huntsville-Decatur-Albertville, AL-TN","Madison County","Alabama","AL","01","089","Central","01089",1
"","","","","","","","Marengo County","","AL","","","","01091",0
"","","","","","","","Marion County","","AL","","","","01093",0
"10700","","290","Albertville, AL","Micropolitan Statistical Area","","Huntsville-Decatur-Albertville, AL-TN","Marshall County","Alabama","AL","01","095","Central","01095",1
"33660","","380","Mobile, AL","Metropolitan Statistical Area","","Mobile-Daphne-Fairhope, AL","Mobile County","Alabama","AL","01","097","Central","01097",1
"","","","","","","","Monroe County","","AL","","","","01099",0
"33860","","388","Montgomery, AL","Metropolitan Statistical Area","","Montgomery-Selma, AL","Montgomery County","Alabama","AL","01","101","Central","01101",1
"19460","","290","Decatur, AL","Metropolitan Statistical Area","","Huntsville-Decatur-Albertville, AL-TN","Morgan County","Alabama","AL","01","103","Central","01103",1
"","","","","","","","Perry County","","AL","","","","01105",0
"46220","","","Tuscaloosa, AL","Metropolitan Statistical Area","","","Pickens County","Alabama","AL","01","107","Outlying","01107",1
"45980","","","Troy, AL","Micropolitan Statistical Area","","","Pike County","Alabama","AL","01","109","Central","01109",1
"","","","","","","","Randolph County","","AL","","","","01111",0
"17980","","194","Columbus, GA-AL","Metropolitan Statistical Area","","Columbus-Auburn-Opelika, GA-AL","Russell County","Alabama","AL","01","113","Central","01113",1
"13820","","142","Birmingham, AL","Metropolitan Statistical Area","","Birmingham-Cullman-Talladega, AL","St. Clair County","Alabama","AL","01","115","Central","01115",1
"13820","","142","Birmingham, AL","Metropolitan Statistical Area","","Birmingham-Cullman-Talladega, AL","Shelby County","Alabama","AL","01","117","Central","01117",1
"","","","","","","","Sumter County","","AL","","","","01119",0
"45180","","142","Talladega-Sylacauga, AL","Micropolitan Statistical Area","","Birmingham-Cullman-Talladega, AL","Talladega County","Alabama","AL","01","121","Central","01121",1
"10760","","194","Alexander City, AL","Micropolitan Statistical Area","","Columbus-Auburn-Opelika, GA-AL","Tallapoosa County","Alabama","AL","01","123","Central","01123",1
"46220","","","Tuscaloosa, AL","Metropolitan Statistical Area","","","Tuscaloosa County","Alabama","AL","01","125","Central","01125",1
"13820","","142","Birmingham, AL","Metropolitan Statistical Area","","Birmingham-Cullman-Talladega, AL","Walker County","Alabama","AL","01","127","Outlying","01127",1
"","","","","","","","Washington County","","AL","","","","01129",0
"","","","","","","","Wilcox County","","AL","","","","01131",0
"","","","","","","","Winston County","","AL","","","","01133",0
"","","","","","","","Aleutians East Borough","","AK","","","","02013",0
"","","","","","","","Aleutians West Census Area","","AK","","","","02016",0
"11260","","","Anchorage, AK","Metropolitan Statistical Area","","","Anchorage Municipality","Alaska","AK","02","020","Central","02020",1
"","","","","","","","Bethel Census Area","","AK","","","","02050",0
"","","","","","","","Bristol Bay Borough","","AK","","","","02060",0
"","","","","","","","Chugach Census Area","","AK","","","","02063",0
"","","","","","","","Copper River Census Area","","AK","","","","02066",0
"","","","","","","","Denali Borough","","AK","","","","02068",0
"","","","","","","","Dillingham Census Area","","AK","","","","02070",0
"21820","","","Fairbanks-College, AK","Metropolitan Statistical Area","","","Fairbanks North Star Borough","Alaska","AK","02","090","Central","02090",1
"","","","","","","","Haines Borough","","AK","","","","02100",0
"","","","","","","","Hoonah-Angoon Census Area","","AK","","","","02105",0
"27940","","","Juneau, AK","Micropolitan Statistical Area","","","Juneau City and Borough","Alaska","AK","02","110","Central","02110",1
"","","","","","","","Kenai Peninsula Borough","","AK","","","","02122",0
"28540","","","Ketchikan, AK","Micropolitan Statistical Area","","","Ketchikan Gateway Borough","Alaska","AK","02","130","Central","02130",1
"","","","","","","","Kodiak Island Borough","","AK","","","","02150",0
"","","","","","","","Kusilvak Census Area","","AK","","","","02158",0
"","","","","","","","Lake and Peninsula Borough","","AK","","","","02164",0
"11260","","","Anchorage, AK","Metropolitan Statistical Area","","","Matanuska-Susitna Borough","Alaska","AK","02","170","Outlying","02170",1
"","","","","","","","Nome Census Area","","AK","","","","02180",0
"","","","","","","","North Slope Borough","","AK","","","","02185",0
"","","","","","","","Northwest Arctic Borough","","AK","","","","02188",0
"","","","","","","","Petersburg Borough","","AK","","","","02195",0
"","","","","","","","Prince of Wales-Hyder Census Area","","AK","","","","02198",0
"","","","","","","","Sitka City and Borough","","AK","","","","02220",0
"","","","","","","","Skagway Municipality","","AK","","","","02230",0
"","","","","","","","Southeast Fairbanks Census Area","","AK","","","","02240",0
"","","","","","","","Wrangell City and Borough","","AK","","","","02275",0
"","","","","","","","Yakutat City and Borough","","AK","","","","02282",0
"","","","","","","","Yukon-Koyukuk Census Area","","AK","","","","02290",0
"","","","","","","","Apache County","","AZ","","","","04001",0
"43420","","","Sierra Vista-Douglas, AZ","Metropolitan Statistical Area","","","Cochise County","Arizona","AZ","04","003","Central","04003",1
"22380","","","Flagstaff, AZ","Metropolitan Statistical Area","","","Coconino County","Arizona","AZ","04","005","Central","04005",1
"37740","","429","Payson, AZ","Micropolitan Statistical Area","","Phoenix-Mesa, AZ","Gila County","Arizona","AZ","04","007","Central","04007",1
"40940","","","Safford, AZ","Micropolitan Statistical Area","","","Graham County","Arizona","AZ","04","009","Central","04009",1
"","","","","","","","Greenlee County","","AZ","","","","04011",0
"","","","","","","","La Paz County","","AZ","","","","04012",0
"38060","","429","Phoenix-Mesa-Chandler, AZ","Metropolitan Statistical Area","","Phoenix-Mesa, AZ","Maricopa County","Arizona","AZ","04","013","Central","04013",1
"29420","","","Lake Havasu City-Kingman, AZ","Metropolitan Statistical Area","","","Mohave County","Arizona","AZ","04","015","Central","04015",1
"43320","","","Show Low, AZ","Micropolitan Statistical Area","","","Navajo County","Arizona","AZ","04","017","Central","04017",1
"46060","","536","Tucson, AZ","Metropolitan Statistical Area","","Tucson-Nogales, AZ","Pima County","Arizona","AZ","04","019","Central","04019",1
"38060","","429","Phoenix-Mesa-Chandler, AZ","Metropolitan Statistical Area","","Phoenix-Mesa, AZ","Pinal County","Arizona","AZ","04","021","Central","04021",1
"35700","","536","Nogales, AZ","Micropolitan Statistical Area","","Tucson-Nogales, AZ","Santa Cruz County","Arizona","AZ","04","023","Central","04023",1
"39150","","","Prescott Valley-Prescott, AZ","Metropolitan Statistical Area","","","Yavapai County","Arizona","AZ","04","025","Central","04025",1
"49740","","","Yuma, AZ","Metropolitan Statistical Area","","","Yuma County","Arizona","AZ","04","027","Central","04027",1
"","","","","","","","Arkansas County","","AR","","","","05001",0
"","","","","","","","Ashley County","","AR","","","","05003",0
"34260","","","Mountain Home, AR","Micropolitan Statistical Area","","","Baxter County","Arkansas","AR","05","005","Central","05005",1
"22220","","","Fayetteville-Springdale-Rogers, AR","Metropolitan Statistical Area","","","Benton County","Arkansas","AR","05","007","Central","05007",1
"25460","","","Harrison, AR","Micropolitan Statistical Area","","","Boone County","Arkansas","AR","05","009","Central","05009",1
"","","","","","","","Bradley County","","AR","","","","05011",0
"15780","","","Camden, AR","Micropolitan Statistical Area","","","Calhoun County","Arkansas","AR","05","013","Outlying","05013",1
"","","","","","","","Carroll County","","AR","","","","05015",0
"","","","","","","","Chicot County","","AR","","","","05017",0
"11660","","","Arkadelphia, AR","Micropolitan Statistical Area","","","Clark County","Arkansas","AR","05","019","Central","05019",1
"","","","","","","","Clay County","","AR","","","","05021",0
"","","","","","","","Cleburne County","","AR","","","","05023",0
"38220","","340","Pine Bluff, AR","Micropolitan Statistical Area","","Little Rock-North Little Rock, AR","Cleveland County","Arkansas","AR","05","025","Outlying","05025",1
"31620","","","Magnolia, AR","Micropolitan Statistical Area","","","Columbia County","Arkansas","AR","05","027","Central","05027",1
"","","","","","","","Conway County","","AR","","","","05029",0
"27860","","308","Jonesboro, AR","Metropolitan Statistical Area","","Jonesboro-Paragould, AR","Craighead County","Arkansas","AR","05","031","Central","05031",1
"22900","","","Fort Smith, AR-OK","Metropolitan Statistical Area","","","Crawford County","Arkansas","AR","05","033","Central","05033",1
"32820","","368","Memphis, TN-MS-AR","Metropolitan Statistical Area","","Memphis-Clarksdale-Forrest City, TN-MS-AR","Crittenden County","Arkansas","AR","05","035","Central","05035",1
"","","","","","","","Cross County","","AR","","","","05037",0
"","","","","","","","Dallas County","","AR","","","","05039",0
"","","","","","","","Desha County","","AR","","","","05041",0
"","","","","","","","Drew County","","AR","","","","05043",0
"30780","","340","Little Rock-North Little Rock-Conway, AR","Metropolitan Statistical Area","","Little Rock-North Little Rock, AR","Faulkner County","Arkansas","AR","05","045","Outlying","05045",1
"","","","","","","","Franklin County","","AR","","","","05047",0
"","","","","","","","Fulton County","","AR","","","","05049",0
"26300","","284","Hot Springs, AR","Metropolitan Statistical Area","","Hot Springs-Malvern, AR","Garland County","Arkansas","AR","05","051","Central","05051",1
"30780","","340","Little Rock-North Little Rock-Conway, AR","Metropolitan Statistical Area","","Little Rock-North Little Rock, AR","Grant County","Arkansas","AR","05","053","Outlying","05053",1
"37500","","308","Paragould, AR","Micropolitan Statistical Area","","Jonesboro-Paragould, AR","Greene County","Arkansas","AR","05","055","Central","05055",1
"","","","","","","","Hempstead County","","AR","","","","05057",0
"31680","","284","Malvern, AR","Micropolitan Statistical Area","","Hot Springs-Malvern, AR","Hot Spring County","Arkansas","AR","05","059","Central","05059",1
"","","","","","","","Howard County","","AR","","","","05061",0
"12900","","","Batesville, AR","Micropolitan Statistical Area","","","Independence County","Arkansas","AR","05","063","Central","05063",1
"","","","","","","","Izard County","","AR","","","","05065",0
"","","","","","","","Jackson County","","AR","","","","05067",0
"38220","","340","Pine Bluff, AR","Micropolitan Statistical Area","","Little Rock-North Little Rock, AR","Jefferson County","Arkansas","AR","05","069","Central","05069",1
"","","","","","","","Johnson County","","AR","","","","05071",0
"","","","","","","","Lafayette County","","AR","","","","05073",0
"","","","","","","","Lawrence County","","AR","","","","05075",0
"","","","","","","","Lee County","","AR","","","","05077",0
"","","","","","","","Lincoln County","","AR","","","","05079",0
"45500","","","Texarkana, TX-AR","Metropolitan Statistical Area","","","Little River County","Arkansas","AR","05","081","Outlying","05081",1
"","","","","","","","Logan County","","AR","","","","05083",0
"30780","","340","Little Rock-North Little Rock-Conway, AR","Metropolitan Statistical Area","","Little Rock-North Little Rock, AR","Lonoke County","Arkansas","AR","05","085","Central","05085",1
"22220","","","Fayetteville-Springdale-Rogers, AR","Metropolitan Statistical Area","","","Madison County","Arkansas","AR","05","087","Outlying","05087",1
"","","","","","","","Marion County","","AR","","","","05089",0
"45500","","","Texarkana, TX-AR","Metropolitan Statistical Area","","","Miller County","Arkansas","AR","05","091","Central","05091",1
"14180","","","Blytheville, AR","Micropolitan Statistical Area","","","Mississippi County","Arkansas","AR","05","093","Central","05093",1
"","","","","","","","Monroe County","","AR","","","","05095",0
"","","","","","","","Montgomery County","","AR","","","","05097",0
"","","","","","","","Nevada County","","AR","","","","05099",0
"25460","","","Harrison, AR","Micropolitan Statistical Area","","","Newton County","Arkansas","AR","05","101","Outlying","05101",1
"15780","","","Camden, AR","Micropolitan Statistical Area","","","Ouachita County","Arkansas","AR","05","103","Central","05103",1
"30780","","340","Little Rock-North Little Rock-Conway, AR","Metropolitan Statistical Area","","Little Rock-North Little Rock, AR","Perry County","Arkansas","AR","05","105","Outlying","05105",1
"","","","","","","","Phillips County","","AR","","","","05107",0
"","","","","","","","Pike County","","AR","","","","05109",0
"27860","","308","Jonesboro, AR","Metropolitan Statistical Area","","Jonesboro-Paragould, AR","Poinsett County","Arkansas","AR","05","111","Outlying","05111",1
"","","","","","","","Polk County","","AR","","","","05113",0
"40780","","","Russellville, AR","Micropolitan Statistical Area","","","Pope County","Arkansas","AR","05","115","Central","05115",1
"","","","","","","","Prairie County","","AR","","","","05117",0
"30780","","340","Little Rock-North Little Rock-Conway, AR","Metropolitan Statistical Area","","Little Rock-North Little Rock, AR","Pulaski County","Arkansas","AR","05","119","Central","05119",1
"","","","","","","","Randolph County","","AR","","","","05121",0
"22620","","368","Forrest City, AR","Micropolitan Statistical Area","","Memphis-Clarksdale-Forrest City, TN-MS-AR","St. Francis County","Arkansas","AR","05","123","Central","05123",1
"30780","","340","Little Rock-North Little Rock-Conway, AR","Metropolitan Statistical Area","","Little Rock-North Little Rock, AR","Saline County","Arkansas","AR","05","125","Central","05125",1
"","","","","","","","Scott County","","AR","","","","05127",0
"","","","","","","","Searcy County","","AR","","","","05129",0
"22900","","","Fort Smith, AR-OK","Metropolitan Statistical Area","","","Sebastian County","Arkansas","AR","05","131","Central","05131",1
"","","","","","","","Sevier County","","AR","","","","05133",0
"","","","","","","","Sharp County","","AR","","","","05135",0
"","","","","","","","Stone County","","AR","","","","05137",0
"20980","","","El Dorado, AR","Micropolitan Statistical Area","","","Union County","Arkansas","AR","05","139","Central","05139",1
"","","","","","","","Van Buren County","","AR","","","","05141",0
"22220","","","Fayetteville-Springdale-Rogers, AR","Metropolitan Statistical Area","","","Washington County","Arkansas","AR","05","143","Central","05143",1
"42620","","340","Searcy, AR","Micropolitan Statistical Area","","Little Rock-North Little Rock, AR","White County","Arkansas","AR","05","145","Central","05145",1
"","","","","","","","Woodruff County","","AR","","","","05147",0
"40780","","","Russellville, AR","Micropolitan Statistical Area","","","Yell County","Arkansas","AR","05","149","Outlying","05149",1
"41860","36084","488","San Francisco-Oakland-Fremont, CA","Metropolitan Statistical Area","Oakland-Fremont-Berkeley, CA","San Jose-San Francisco-Oakland, CA","Alameda County","California","CA","06","001","Central","06001",1
"23820","","456","Gardnerville Ranchos, NV-CA","Micropolitan Statistical Area","","Reno-Carson City-Gardnerville Ranchos, NV-CA","Alpine County","California","CA","06","003","Outlying","06003",1
"","","","","","","","Amador County","","CA","","","","06005",0
"17020","","","Chico, CA","Metropolitan Statistical Area","","","Butte County","California","CA","06","007","Central","06007",1
"","","","","","","","Calaveras County","","CA","","","","06009",0
"","","","","","","","Colusa County","","CA","","","","06011",0
"41860","36084","488","San Francisco-Oakland-Fremont, CA","Metropolitan Statistical Area","Oakland-Fremont-Berkeley, CA","San Jose-San Francisco-Oakland, CA","Contra Costa County","California","CA","06","013","Outlying","06013",1
"18860","","152","Crescent City, CA","Micropolitan Statistical Area","","Brookings-Crescent City, OR-CA","Del Norte County","California","CA","06","015","Central","06015",1
"40900","","472","Sacramento-Roseville-Folsom, CA","Metropolitan Statistical Area","","Sacramento-Roseville, CA","El Dorado County","California","CA","06","017","Central","06017",1
"23420","","260","Fresno, CA","Metropolitan Statistical Area","","Fresno-Hanford-Corcoran, CA","Fresno County","California","CA","06","019","Central","06019",1
"","","","","","","","Glenn County","","CA","","","","06021",0
"21700","","","Eureka-Arcata, CA","Micropolitan Statistical Area","","","Humboldt County","California","CA","06","023","Central","06023",1
"20940","","","El Centro, CA","Metropolitan Statistical Area","","","Imperial County","California","CA","06","025","Central","06025",1
"13860","","","Bishop, CA","Micropolitan Statistical Area","","","Inyo County","California","CA","06","027","Central","06027",1
"12540","","","Bakersfield-Delano, CA","Metropolitan Statistical Area","","","Kern County","California","CA","06","029","Central","06029",1
"25260","","260","Hanford-Corcoran, CA","Metropolitan Statistical Area","","Fresno-Hanford-Corcoran, CA","Kings County","California","CA","06","031","Central","06031",1
"17340","","","Clearlake, CA","Micropolitan Statistical Area","","","Lake County","California","CA","06","033","Central","06033",1
"45000","","","Susanville, CA","Micropolitan Statistical Area","","","Lassen County","California","CA","06","035","Central","06035",1
"31080","31084","348","Los Angeles-Long Beach-Anaheim, CA","Metropolitan Statistical Area","Los Angeles-Long Beach-Glendale, CA","Los Angeles-Long Beach, CA","Los Angeles County","California","CA","06","037","Central","06037",1
"23420","","260","Fresno, CA","Metropolitan Statistical Area","","Fresno-Hanford-Corcoran, CA","Madera County","California","CA","06","039","Outlying","06039",1
"41860","42034","488","San Francisco-Oakland-Fremont, CA","Metropolitan Statistical Area","San Rafael, CA","San Jose-San Francisco-Oakland, CA","Marin County","California","CA","06","041","Central","06041",1
"","","","","","","","Mariposa County","","CA","","","","06043",0
"46380","","","Ukiah, CA","Micropolitan Statistical Area","","","Mendocino County","California","CA","06","045","Central","06045",1
"32900","","488","Merced, CA","Metropolitan Statistical Area","","San Jose-San Francisco-Oakland, CA","Merced County","California","CA","06","047","Central","06047",1
"","","","","","","","Modoc County","","CA","","","","06049",0
"","","","","","","","Mono County","","CA","","","","06051",0
"41500","","","Salinas, CA","Metropolitan Statistical Area","","","Monterey County","California","CA","06","053","Central","06053",1
"34900","","488","Napa, CA","Metropolitan Statistical Area","","San Jose-San Francisco-Oakland, CA","Napa County","California","CA","06","055","Central","06055",1
"46020","","472","Truckee-Grass Valley, CA","Micropolitan Statistical Area","","Sacramento-Roseville, CA","Nevada County","California","CA","06","057","Central","06057",1
"31080","11244","348","Los Angeles-Long Beach-Anaheim, CA","Metropolitan Statistical Area","Anaheim-Santa Ana-Irvine, CA","Los Angeles-Long Beach, CA","Orange County","California","CA","06","059","Central","06059",1
"40900","","472","Sacramento-Roseville-Folsom, CA","Metropolitan Statistical Area","","Sacramento-Roseville, CA","Placer County","California","CA","06","061","Central","06061",1
"","","","","","","","Plumas County","","CA","","","","06063",0
"40140","","348","Riverside-San Bernardino-Ontario, CA","Metropolitan Statistical Area","","Los Angeles-Long Beach, CA","Riverside County","California","CA","06","065","Central","06065",1
"40900","","472","Sacramento-Roseville-Folsom, CA","Metropolitan Statistical Area","","Sacramento-Roseville, CA","Sacramento County","California","CA","06","067","Central","06067",1
"41940","","488","San Jose-Sunnyvale-Santa Clara, CA","Metropolitan Statistical Area","","San Jose-San Francisco-Oakland, CA","San Benito County","California","CA","06","069","Outlying","06069",1
"40140","","348","Riverside-San Bernardino-Ontario, CA","Metropolitan Statistical Area","","Los Angeles-Long Beach, CA","San Bernardino County","California","CA","06","071","Central","06071",1
"41740","","","San Diego-Chula Vista-Carlsbad, CA","Metropolitan Statistical Area","","","San Diego County","California","CA","06","073","Central","06073",1
"41860","41884","488","San Francisco-Oakland-Fremont, CA","Metropolitan Statistical Area","San Francisco-San Mateo-Redwood City, CA","San Jose-San Francisco-Oakland, CA","San Francisco County","California","CA","06","075","Central","06075",1
"44700","","488","Stockton-Lodi, CA","Metropolitan Statistical Area","","San Jose-San Francisco-Oakland, CA","San Joaquin County","California","CA","06","077","Central","06077",1
"42020","","","San Luis Obispo-Paso Robles, CA","Metropolitan Statistical Area","","","San Luis Obispo County","California","CA","06","079","Central","06079",1
"41860","41884","488","San Francisco-Oakland-Fremont, CA","Metropolitan Statistical Area","San Francisco-San Mateo-Redwood City, CA","San Jose-San Francisco-Oakland, CA","San Mateo County","California","CA","06","081","Central","06081",1
"42200","","","Santa Maria-Santa Barbara, CA","Metropolitan Statistical Area","","","Santa Barbara County","California","CA","06","083","Central","06083",1
"41940","","488","San Jose-Sunnyvale-Santa Clara, CA","Metropolitan Statistical Area","","San Jose-San Francisco-Oakland, CA","Santa Clara County","California","CA","06","085","Central","06085",1
"42100","","488","Santa Cruz-Watsonville, CA","Metropolitan Statistical Area","","San Jose-San Francisco-Oakland, CA","Santa Cruz County","California","CA","06","087","Central","06087",1
"39820","","454","Redding, CA","Metropolitan Statistical Area","","Redding-Red Bluff, CA","Shasta County","California","CA","06","089","Central","06089",1
"","","","","","","","Sierra County","","CA","","","","06091",0
"","","","","","","","Siskiyou County","","CA","","","","06093",0
"46700","","488","Vallejo, CA","Metropolitan Statistical Area","","San Jose-San Francisco-Oakland, CA","Solano County","California","CA","06","095","Central","06095",1
"42220","","","Santa Rosa-Petaluma, CA","Metropolitan Statistical Area","","","Sonoma County","California","CA","06","097","Central","06097",1
"33700","","488","Modesto, CA","Metropolitan Statistical Area","","San Jose-San Francisco-Oakland, CA","Stanislaus County","California","CA","06","099","Central","06099",1
"49700","","472","Yuba City, CA","Metropolitan Statistical Area","","Sacramento-Roseville, CA","Sutter County","California","CA","06","101","Central","06101",1
"39780","","454","Red Bluff, CA","Micropolitan Statistical Area","","Redding-Red Bluff, CA","Tehama County","California","CA","06","103","Central","06103",1
"","","","","","","","Trinity County","","CA","","","","06105",0
"47300","","","Visalia, CA","Metropolitan Statistical Area","","","Tulare County","California","CA","06","107","Central","06107",1
"43760","","","Sonora, CA","Micropolitan Statistical Area","","","Tuolumne County","California","CA","06","109","Central","06109",1
"37100","","348","Oxnard-Thousand Oaks-Ventura, CA","Metropolitan Statistical Area","","Los Angeles-Long Beach, CA","Ventura County","California","CA","06","111","Central","06111",1
"40900","","472","Sacramento-Roseville-Folsom, CA","Metropolitan Statistical Area","","Sacramento-Roseville, CA","Yolo County","California","CA","06","113","Outlying","06113",1
"49700","","472","Yuba City, CA","Metropolitan Statistical Area","","Sacramento-Roseville, CA","Yuba County","California","CA","06","115","Central","06115",1
"19740","","216","Denver-Aurora-Centennial, CO","Metropolitan Statistical Area","","Denver-Aurora-Greeley, CO","Adams County","Colorado","CO","08","001","Central","08001",1
"10480","","","Alamosa, CO","Micropolitan Statistical Area","","","Alamosa County","Colorado","CO","08","003","Central","08003",1
"19740","","216","Denver-Aurora-Centennial, CO","Metropolitan Statistical Area","","Denver-Aurora-Greeley, CO","Arapahoe County","Colorado","CO","08","005","Central","08005",1
"","","","","","","","Archuleta County","","CO","","","","08007",0
"","","","","","","","Baca County","","CO","","","","08009",0
"","","","","","","","Bent County","","CO","","","","08011",0
"14500","","216","Boulder, CO","Metropolitan Statistical Area","","Denver-Aurora-Greeley, CO","Boulder County","Colorado","CO","08","013","Central","08013",1
"19740","","216","Denver-Aurora-Centennial, CO","Metropolitan Statistical Area","","Denver-Aurora-Greeley, CO","Broomfield County","Colorado","CO","08","014","Central","08014",1
"","","","","","","","Chaffee County","","CO","","","","08015",0
"","","","","","","","Cheyenne County","","CO","","","","08017",0
"19740","","216","Denver-Aurora-Centennial, CO","Metropolitan Statistical Area","","Denver-Aurora-Greeley, CO","Clear Creek County","Colorado","CO","08","019","Outlying","08019",1
"10480","","","Alamosa, CO","Micropolitan Statistical Area","","","Conejos County","Colorado","CO","08","021","Outlying","08021",1
"10480","","","Alamosa, CO","Micropolitan Statistical Area","","","Costilla County","Colorado","CO","08","023","Outlying","08023",1
"","","","","","","","Crowley County","","CO","","","","08025",0
"","","","","","","","Custer County","","CO","","","","08027",0
"","","","","","","","Delta County","","CO","","","","08029",0
"19740","","216","Denver-Aurora-Centennial, CO","Metropolitan Statistical Area","","Denver-Aurora-Greeley, CO","Denver County","Colorado","CO","08","031","Central","08031",1
"","","","","","","","Dolores County","","CO","","","","08033",0
"19740","","216","Denver-Aurora-Centennial, CO","Metropolitan Statistical Area","","Denver-Aurora-Greeley, CO","Douglas County","Colorado","CO","08","035","Central","08035",1
"20780","","233","Edwards, CO","Micropolitan Statistical Area","","Edwards-Rifle, CO","Eagle County","Colorado","CO","08","037","Central","08037",1
"19740","","216","Denver-Aurora-Centennial, CO","Metropolitan Statistical Area","","Denver-Aurora-Greeley, CO","Elbert County","Colorado","CO","08","039","Outlying","08039",1
"17820","","","Colorado Springs, CO","Metropolitan Statistical Area","","","El Paso County","Colorado","CO","08","041","Central","08041",1
"15860","","444","Cañon City, CO","Micropolitan Statistical Area","","Pueblo-Cañon City, CO","Fremont County","Colorado","CO","08","043","Central","08043",1
"40090","","233","Rifle, CO","Micropolitan Statistical Area","","Edwards-Rifle, CO","Garfield County","Colorado","CO","08","045","Central","08045",1
"19740","","216","Denver-Aurora-Centennial, CO","Metropolitan Statistical Area","","Denver-Aurora-Greeley, CO","Gilpin County","Colorado","CO","08","047","Outlying","08047",1
"","","","","","","","Grand County","","CO","","","","08049",0
"","","","","","","","Gunnison County","","CO","","","","08051",0
"","","","","","","","Hinsdale County","","CO","","","","08053",0
"","","","","","","","Huerfano County","","CO","","","","08055",0
"","","","","","","","Jackson County","","CO","","","","08057",0
"19740","","216","Denver-Aurora-Centennial, CO","Metropolitan Statistical Area","","Denver-Aurora-Greeley, CO","Jefferson County","Colorado","CO","08","059","Central","08059",1
"","","","","","","","Kiowa County","","CO","","","","08061",0
"","","","","","","","Kit Carson County","","CO","","","","08063",0
"14720","","","Breckenridge, CO","Micropolitan Statistical Area","","","Lake County","Colorado","CO","08","065","Outlying","08065",1
"20420","","","Durango, CO","Micropolitan Statistical Area","","","La Plata County","Colorado","CO","08","067","Central","08067",1
"22660","","","Fort Collins-Loveland, CO","Metropolitan Statistical Area","","","Larimer County","Colorado","CO","08","069","Central","08069",1
"","","","","","","","Las Animas County","","CO","","","","08071",0
"","","","","","","","Lincoln County","","CO","","","","08073",0
"44540","","","Sterling, CO","Micropolitan Statistical Area","","","Logan County","Colorado","CO","08","075","Central","08075",1
"24300","","","Grand Junction, CO","Metropolitan Statistical Area","","","Mesa County","Colorado","CO","08","077","Central","08077",1
"","","","","","","","Mineral County","","CO","","","","08079",0
"44460","","","Steamboat Springs, CO","Micropolitan Statistical Area","","","Moffat County","Colorado","CO","08","081","Outlying","08081",1
"","","","","","","","Montezuma County","","CO","","","","08083",0
"33940","","","Montrose, CO","Micropolitan Statistical Area","","","Montrose County","Colorado","CO","08","085","Central","08085",1
"22820","","","Fort Morgan, CO","Micropolitan Statistical Area","","","Morgan County","Colorado","CO","08","087","Central","08087",1
"","","","","","","","Otero County","","CO","","","","08089",0
"","","","","","","","Ouray County","","CO","","","","08091",0
"19740","","216","Denver-Aurora-Centennial, CO","Metropolitan Statistical Area","","Denver-Aurora-Greeley, CO","Park County","Colorado","CO","08","093","Outlying","08093",1
"","","","","","","","Phillips County","","CO","","","","08095",0
"40090","","233","Rifle, CO","Micropolitan Statistical Area","","Edwards-Rifle, CO","Pitkin County","Colorado","CO","08","097","Outlying","08097",1
"","","","","","","","Prowers County","","CO","","","","08099",0
"39380","","444","Pueblo, CO","Metropolitan Statistical Area","","Pueblo-Cañon City, CO","Pueblo County","Colorado","CO","08","101","Central","08101",1
"","","","","","","","Rio Blanco County","","CO","","","","08103",0
"","","","","","","","Rio Grande County","","CO","","","","08105",0
"44460","","","Steamboat Springs, CO","Micropolitan Statistical Area","","","Routt County","Colorado","CO","08","107","Central","08107",1
"","","","","","","","Saguache County","","CO","","","","08109",0
"","","","","","","","San Juan County","","CO","","","","08111",0
"","","","","","","","San Miguel County","","CO","","","","08113",0
"","","","","","","","Sedgwick County","","CO","","","","08115",0
"14720","","","Breckenridge, CO","Micropolitan Statistical Area","","","Summit County","Colorado","CO","08","117","Central","08117",1
"17820","","","Colorado Springs, CO","Metropolitan Statistical Area","","","Teller County","Colorado","CO","08","119","Outlying","08119",1
"","","","","","","","Washington County","","CO","","","","08121",0
"24540","","216","Greeley, CO","Metropolitan Statistical Area","","Denver-Aurora-Greeley, CO","Weld County","Colorado","CO","08","123","Central","08123",1
"","","","","","","","Yuma County","","CO","","","","08125",0
"25540","","405","Hartford-West Hartford-East Hartford, CT","Metropolitan Statistical Area","","New Haven-Hartford-Waterbury, CT","Capitol Planning Region","Connecticut","CT","09","110","Central","09110",1
"14860","","408","Bridgeport-Stamford-Danbury, CT","Metropolitan Statistical Area","","New York-Newark, NY-NJ-CT-PA","Greater Bridgeport Planning Region","Connecticut","CT","09","120","Central","09120",1
"25540","","405","Hartford-West Hartford-East Hartford, CT","Metropolitan Statistical Area","","New Haven-Hartford-Waterbury, CT","Lower Connecticut River Valley Planning Region","Connecticut","CT","09","130","Central","09130",1
"47930","","405","Waterbury-Shelton, CT","Metropolitan Statistical Area","","New Haven-Hartford-Waterbury, CT","Naugatuck Valley Planning Region","Connecticut","CT","09","140","Central","09140",1
"39480","","405","Putnam, CT","Micropolitan Statistical Area","","New Haven-Hartford-Waterbury, CT","Northeastern Connecticut Planning Region","Connecticut","CT","09","150","Central","09150",1
"45860","","405","Torrington, CT","Micropolitan Statistical Area","","New Haven-Hartford-Waterbury, CT","Northwest Hills Planning Region","Connecticut","CT","09","160","Central","09160",1
"35300","","405","New Haven, CT","Metropolitan Statistical Area","","New Haven-Hartford-Waterbury, CT","South Central Connecticut Planning Region","Connecticut","CT","09","170","Central","09170",1
"35980","","405","Norwich-New London-Willimantic, CT","Metropolitan Statistical Area","","New Haven-Hartford-Waterbury, CT","Southeastern Connecticut Planning Region","Connecticut","CT","09","180","Central","09180",1
"14860","","408","Bridgeport-Stamford-Danbury, CT","Metropolitan Statistical Area","","New York-Newark, NY-NJ-CT-PA","Western Connecticut Planning Region","Connecticut","CT","09","190","Central","09190",1
"20100","","428","Dover, DE","Metropolitan Statistical Area","","Philadelphia-Reading-Camden, PA-NJ-DE-MD","Kent County","Delaware","DE","10","001","Central","10001",1
"37980","48864","428","Philadelphia-Camden-Wilmington, PA-NJ-DE-MD","Metropolitan Statistical Area","Wilmington, DE-MD-NJ","Philadelphia-Reading-Camden, PA-NJ-DE-MD","New Castle County","Delaware","DE","10","003","Central","10003",1
"42580","","","Seaford, DE","Micropolitan Statistical Area","","","Sussex County","Delaware","DE","10","005","Central","10005",1
"47900","47764","548","Washington-Arlington-Alexandria, DC-VA-MD-WV","Metropolitan Statistical Area","Washington, DC-MD","Washington-Baltimore-Arlington, DC-MD-VA-WV-PA","District of Columbia","District of Columbia","DC","11","001","Central","11001",1
"23540","","264","Gainesville, FL","Metropolitan Statistical Area","","Gainesville-Lake City, FL","Alachua County","Florida","FL","12","001","Central","12001",1
"27260","","300","Jacksonville, FL","Metropolitan Statistical Area","","Jacksonville-Kingsland-Palatka, FL-GA","Baker County","Florida","FL","12","003","Outlying","12003",1
"37460","","","Panama City-Panama City Beach, FL","Metropolitan Statistical Area","","","Bay County","Florida","FL","12","005","Central","12005",1
"","","","","","","","Bradford County","","FL","","","","12007",0
"37340","","","Palm Bay-Melbourne-Titusville, FL","Metropolitan Statistical Area","","","Brevard County","Florida","FL","12","009","Central","12009",1
"33100","22744","370","Miami-Fort Lauderdale-West Palm Beach, FL","Metropolitan Statistical Area","Fort Lauderdale-Pompano Beach-Sunrise, FL","Miami-Port St. Lucie-Fort Lauderdale, FL","Broward County","Florida","FL","12","011","Central","12011",1
"","","","","","","","Calhoun County","","FL","","","","12013",0
"39460","","412","Punta Gorda, FL","Metropolitan Statistical Area","","North Port-Bradenton, FL","Charlotte County","Florida","FL","12","015","Central","12015",1
"26140","","","Homosassa Springs, FL","Metropolitan Statistical Area","","","Citrus County","Florida","FL","12","017","Central","12017",1
"27260","","300","Jacksonville, FL","Metropolitan Statistical Area","","Jacksonville-Kingsland-Palatka, FL-GA","Clay County","Florida","FL","12","019","Central","12019",1
"34940","","163","Naples-Marco Island, FL","Metropolitan Statistical Area","","Cape Coral-Fort Myers-Naples, FL","Collier County","Florida","FL","12","021","Central","12021",1
"29380","","264","Lake City, FL","Micropolitan Statistical Area","","Gainesville-Lake City, FL","Columbia County","Florida","FL","12","023","Central","12023",1
"11580","","412","Arcadia, FL","Micropolitan Statistical Area","","North Port-Bradenton, FL","DeSoto County","Florida","FL","12","027","Central","12027",1
"","","","","","","","Dixie County","","FL","","","","12029",0
"27260","","300","Jacksonville, FL","Metropolitan Statistical Area","","Jacksonville-Kingsland-Palatka, FL-GA","Duval County","Florida","FL","12","031","Central","12031",1
"37860","","","Pensacola-Ferry Pass-Brent, FL","Metropolitan Statistical Area","","","Escambia County","Florida","FL","12","033","Central","12033",1
"19660","","422","Deltona-Daytona Beach-Ormond Beach, FL","Metropolitan Statistical Area","","Orlando-Lakeland-Deltona, FL","Flagler County","Florida","FL","12","035","Central","12035",1
"","","","","","","","Franklin County","","FL","","","","12037",0
"45220","","533","Tallahassee, FL","Metropolitan Statistical Area","","Tallahassee-Bainbridge, FL-GA","Gadsden County","Florida","FL","12","039","Outlying","12039",1
"23540","","264","Gainesville, FL","Metropolitan Statistical Area","","Gainesville-Lake City, FL","Gilchrist County","Florida","FL","12","041","Outlying","12041",1
"17500","","163","Clewiston, FL","Micropolitan Statistical Area","","Cape Coral-Fort Myers-Naples, FL","Glades County","Florida","FL","12","043","Outlying","12043",1
"","","","","","","","Gulf County","","FL","","","","12045",0
"","","","","","","","Hamilton County","","FL","","","","12047",0
"","","","","","","","Hardee County","","FL","","","","12049",0
"17500","","163","Clewiston, FL","Micropolitan Statistical Area","","Cape Coral-Fort Myers-Naples, FL","Hendry County","Florida","FL","12","051","Central","12051",1
"45300","45294","","Tampa-St. Petersburg-Clearwater, FL","Metropolitan Statistical Area","Tampa, FL","","Hernando County","Florida","FL","12","053","Outlying","12053",1
"42700","","","Sebring, FL","Metropolitan Statistical Area","","","Highlands County","Florida","FL","12","055","Central","12055",1
"45300","45294","","Tampa-St. Petersburg-Clearwater, FL","Metropolitan Statistical Area","Tampa, FL","","Hillsborough County","Florida","FL","12","057","Central","12057",1
"","","","","","","","Holmes County","","FL","","","","12059",0
"42680","","370","Sebastian-Vero Beach-West Vero Corridor, FL","Metropolitan Statistical Area","","Miami-Port St. Lucie-Fort Lauderdale, FL","Indian River County","Florida","FL","12","061","Central","12061",1
"","","","","","","","Jackson County","","FL","","","","12063",0
"45220","","533","Tallahassee, FL","Metropolitan Statistical Area","","Tallahassee-Bainbridge, FL-GA","Jefferson County","Florida","FL","12","065","Outlying","12065",1
"","","","","","","","Lafayette County","","FL","","","","12067",0
"36740","","422","Orlando-Kissimmee-Sanford, FL","Metropolitan Statistical Area","","Orlando-Lakeland-Deltona, FL","Lake County","Florida","FL","12","069","Outlying","12069",1
"15980","","163","Cape Coral-Fort Myers, FL","Metropolitan Statistical Area","","Cape Coral-Fort Myers-Naples, FL","Lee County","Florida","FL","12","071","Central","12071",1
"45220","","533","Tallahassee, FL","Metropolitan Statistical Area","","Tallahassee-Bainbridge, FL-GA","Leon County","Florida","FL","12","073","Central","12073",1
"23540","","264","Gainesville, FL","Metropolitan Statistical Area","","Gainesville-Lake City, FL","Levy County","Florida","FL","12","075","Outlying","12075",1
"","","","","","","","Liberty County","","FL","","","","12077",0
"","","","","","","","Madison County","","FL","","","","12079",0
"35840","","412","North Port-Bradenton-Sarasota, FL","Metropolitan Statistical Area","","North Port-Bradenton, FL","Manatee County","Florida","FL","12","081","Central","12081",1
"36100","","","Ocala, FL","Metropolitan Statistical Area","","","Marion County","Florida","FL","12","083","Central","12083",1
"38940","","370","Port St. Lucie, FL","Metropolitan Statistical Area","","Miami-Port St. Lucie-Fort Lauderdale, FL","Martin County","Florida","FL","12","085","Central","12085",1
"33100","33124","370","Miami-Fort Lauderdale-West Palm Beach, FL","Metropolitan Statistical Area","Miami-Miami Beach-Kendall, FL","Miami-Port St. Lucie-Fort Lauderdale, FL","Miami-Dade County","Florida","FL","12","086","Central","12086",1
"28580","","370","Key West-Key Largo, FL","Micropolitan Statistical Area","","Miami-Port St. Lucie-Fort Lauderdale, FL","Monroe County","Florida","FL","12","087","Central","12087",1
"27260","","300","Jacksonville, FL","Metropolitan Statistical Area","","Jacksonville-Kingsland-Palatka, FL-GA","Nassau County","Florida","FL","12","089","Outlying","12089",1
"18880","","","Crestview-Fort Walton Beach-Destin, FL","Metropolitan Statistical Area","","","Okaloosa County","Florida","FL","12","091","Central","12091",1
"36380","","370","Okeechobee, FL","Micropolitan Statistical Area","","Miami-Port St. Lucie-Fort Lauderdale, FL","Okeechobee County","Florida","FL","12","093","Central","12093",1
"36740","","422","Orlando-Kissimmee-Sanford, FL","Metropolitan Statistical Area","","Orlando-Lakeland-Deltona, FL","Orange County","Florida","FL","12","095","Central","12095",1
"36740","","422","Orlando-Kissimmee-Sanford, FL","Metropolitan Statistical Area","","Orlando-Lakeland-Deltona, FL","Osceola County","Florida","FL","12","097","Outlying","12097",1
"33100","48424","370","Miami-Fort Lauderdale-West Palm Beach, FL","Metropolitan Statistical Area","West Palm Beach-Boca Raton-Delray Beach, FL","Miami-Port St. Lucie-Fort Lauderdale, FL","Palm Beach County","Florida","FL","12","099","Central","12099",1
"45300","45294","","Tampa-St. Petersburg-Clearwater, FL","Metropolitan Statistical Area","Tampa, FL","","Pasco County","Florida","FL","12","101","Central","12101",1
"45300","41304","","Tampa-St. Petersburg-Clearwater, FL","Metropolitan Statistical Area","St. Petersburg-Clearwater-Largo, FL","","Pinellas County","Florida","FL","12","103","Central","12103",1
"29460","","422","Lakeland-Winter Haven, FL","Metropolitan Statistical Area","","Orlando-Lakeland-Deltona, FL","Polk County","Florida","FL","12","105","Central","12105",1
"37260","","300","Palatka, FL","Micropolitan Statistical Area","","Jacksonville-Kingsland-Palatka, FL-GA","Putnam County","Florida","FL","12","107","Central","12107",1
"27260","","300","Jacksonville, FL","Metropolitan Statistical Area","","Jacksonville-Kingsland-Palatka, FL-GA","St. Johns County","Florida","FL","12","109","Central","12109",1
"38940","","370","Port St. Lucie, FL","Metropolitan Statistical Area","","Miami-Port St. Lucie-Fort Lauderdale, FL","St. Lucie County","Florida","FL","12","111","Central","12111",1
"37860","","","Pensacola-Ferry Pass-Brent, FL","Metropolitan Statistical Area","","","Santa Rosa County","Florida","FL","12","113","Central","12113",1
"35840","","412","North Port-Bradenton-Sarasota, FL","Metropolitan Statistical Area","","North Port-Bradenton, FL","Sarasota County","Florida","FL","12","115","Central","12115",1
"36740","","422","Orlando-Kissimmee-Sanford, FL","Metropolitan Statistical Area","","Orlando-Lakeland-Deltona, FL","Seminole County","Florida","FL","12","117","Central","12117",1
"48680","","422","Wildwood-The Villages, FL","Metropolitan Statistical Area","","Orlando-Lakeland-Deltona, FL","Sumter County","Florida","FL","12","119","Central","12119",1
"","","","","","","","Suwannee County","","FL","","","","12121",0
"","","","","","","","Taylor County","","FL","","","","12123",0
"","","","","","","","Union County","","FL","","","","12125",0
"19660","","422","Deltona-Daytona Beach-Ormond Beach, FL","Metropolitan Statistical Area","","Orlando-Lakeland-Deltona, FL","Volusia County","Florida","FL","12","127","Central","12127",1
"45220","","533","Tallahassee, FL","Metropolitan Statistical Area","","Tallahassee-Bainbridge, FL-GA","Wakulla County","Florida","FL","12","129","Outlying","12129",1
"18880","","","Crestview-Fort Walton Beach-Destin, FL","Metropolitan Statistical Area","","","Walton County","Florida","FL","12","131","Central","12131",1
"37460","","","Panama City-Panama City Beach, FL","Metropolitan Statistical Area","","","Washington County","Florida","FL","12","133","Outlying","12133",1
"","","","","","","","Appling County","","GA","","","","13001",0
"20060","","","Douglas, GA","Micropolitan Statistical Area","","","Atkinson County","Georgia","GA","13","003","Outlying","13003",1
"","","","","","","","Bacon County","","GA","","","","13005",0
"","","","","","","","Baker County","","GA","","","","13007",0
"33300","","","Milledgeville, GA","Micropolitan Statistical Area","","","Baldwin County","Georgia","GA","13","009","Central","13009",1
"","","","","","","","Banks County","","GA","","","","13011",0
"12060","12054","122","Atlanta-Sandy Springs-Roswell, GA","Metropolitan Statistical Area","Atlanta-Sandy Springs-Roswell, GA","Atlanta--Athens-Clarke County--Sandy Springs, GA-AL","Barrow County","Georgia","GA","13","013","Outlying","13013",1
"12060","31924","122","Atlanta-Sandy Springs-Roswell, GA","Metropolitan Statistical Area","Marietta, GA","Atlanta--Athens-Clarke County--Sandy Springs, GA-AL","Bartow County","Georgia","GA","13","015","Outlying","13015",1
"22340","","","Fitzgerald, GA","Micropolitan Statistical Area","","","Ben Hill County","Georgia","GA","13","017","Central","13017",1
"","","","","","","","Berrien County","","GA","","","","13019",0
"31420","","356","Macon-Bibb County, GA","Metropolitan Statistical Area","","Macon-Bibb County--Warner Robins, GA","Bibb County","Georgia","GA","13","021","Central","13021",1
"","","","","","","","Bleckley County","","GA","","","","13023",0
"15260","","","Brunswick-St. Simons, GA","Metropolitan Statistical Area","","","Brantley County","Georgia","GA","13","025","Outlying","13025",1
"46660","","","Valdosta, GA","Metropolitan Statistical Area","","","Brooks County","Georgia","GA","13","027","Outlying","13027",1
"42340","","496","Savannah, GA","Metropolitan Statistical Area","","Savannah-Hinesville-Statesboro, GA","Bryan County","Georgia","GA","13","029","Central","13029",1
"44340","","496","Statesboro, GA","Micropolitan Statistical Area","","Savannah-Hinesville-Statesboro, GA","Bulloch County","Georgia","GA","13","031","Central","13031",1
"12260","","","Augusta-Richmond County, GA-SC","Metropolitan Statistical Area","","","Burke County","Georgia","GA","13","033","Outlying","13033",1
"12060","12054","122","Atlanta-Sandy Springs-Roswell, GA","Metropolitan Statistical Area","Atlanta-Sandy Springs-Roswell, GA","Atlanta--Athens-Clarke County--Sandy Springs, GA-AL","Butts County","Georgia","GA","13","035","Outlying","13035",1
"","","","","","","","Calhoun County","","GA","","","","13037",0
"28680","","300","Kingsland, GA","Micropolitan Statistical Area","","Jacksonville-Kingsland-Palatka, FL-GA","Camden County","Georgia","GA","13","039","Central","13039",1
"","","","","","","","Candler County","","GA","","","","13043",0
"12060","12054","122","Atlanta-Sandy Springs-Roswell, GA","Metropolitan Statistical Area","Atlanta-Sandy Springs-Roswell, GA","Atlanta--Athens-Clarke County--Sandy Springs, GA-AL","Carroll County","Georgia","GA","13","045","Outlying","13045",1
"16860","","174","Chattanooga, TN-GA","Metropolitan Statistical Area","","Chattanooga-Cleveland-Dalton, TN-GA-AL","Catoosa County","Georgia","GA","13","047","Central","13047",1
"","","","","","","","Charlton County","","GA","","","","13049",0
"42340","","496","Savannah, GA","Metropolitan Statistical Area","","Savannah-Hinesville-Statesboro, GA","Chatham County","Georgia","GA","13","051","Central","13051",1
"17980","","194","Columbus, GA-AL","Metropolitan Statistical Area","","Columbus-Auburn-Opelika, GA-AL","Chattahoochee County","Georgia","GA","13","053","Central","13053",1
"44900","","174","Summerville, GA","Micropolitan Statistical Area","","Chattanooga-Cleveland-Dalton, TN-GA-AL","Chattooga County","Georgia","GA","13","055","Central","13055",1
"12060","31924","122","Atlanta-Sandy Springs-Roswell, GA","Metropolitan Statistical Area","Marietta, GA","Atlanta--Athens-Clarke County--Sandy Springs, GA-AL","Cherokee County","Georgia","GA","13","057","Central","13057",1
"12020","","122","Athens-Clarke County, GA","Metropolitan Statistical Area","","Atlanta--Athens-Clarke County--Sandy Springs, GA-AL","Clarke County","Georgia","GA","13","059","Central","13059",1
"","","","","","","","Clay County","","GA","","","","13061",0
"12060","12054","122","Atlanta-Sandy Springs-Roswell, GA","Metropolitan Statistical Area","Atlanta-Sandy Springs-Roswell, GA","Atlanta--Athens-Clarke County--Sandy Springs, GA-AL","Clayton County","Georgia","GA","13","063","Central","13063",1
"","","","","","","","Clinch County","","GA","","","","13065",0
"12060","31924","122","Atlanta-Sandy Springs-Roswell, GA","Metropolitan Statistical Area","Marietta, GA","Atlanta--Athens-Clarke County--Sandy Springs, GA-AL","Cobb County","Georgia","GA","13","067","Central","13067",1
"20060","","","Douglas, GA","Micropolitan Statistical Area","","","Coffee County","Georgia","GA","13","069","Central","13069",1
"34220","","","Moultrie, GA","Micropolitan Statistical Area","","","Colquitt County","Georgia","GA","13","071","Central","13071",1
"12260","","","Augusta-Richmond County, GA-SC","Metropolitan Statistical Area","","","Columbia County","Georgia","GA","13","073","Central","13073",1
"","","","","","","","Cook County","","GA","","","","13075",0
"12060","12054","122","Atlanta-Sandy Springs-Roswell, GA","Metropolitan Statistical Area","Atlanta-Sandy Springs-Roswell, GA","Atlanta--Athens-Clarke County--Sandy Springs, GA-AL","Coweta County","Georgia","GA","13","077","Central","13077",1
"31420","","356","Macon-Bibb County, GA","Metropolitan Statistical Area","","Macon-Bibb County--Warner Robins, GA","Crawford County","Georgia","GA","13","079","Outlying","13079",1
"18380","","","Cordele, GA","Micropolitan Statistical Area","","","Crisp County","Georgia","GA","13","081","Central","13081",1
"16860","","174","Chattanooga, TN-GA","Metropolitan Statistical Area","","Chattanooga-Cleveland-Dalton, TN-GA-AL","Dade County","Georgia","GA","13","083","Outlying","13083",1
"12060","12054","122","Atlanta-Sandy Springs-Roswell, GA","Metropolitan Statistical Area","Atlanta-Sandy Springs-Roswell, GA","Atlanta--Athens-Clarke County--Sandy Springs, GA-AL","Dawson County","Georgia","GA","13","085","Central","13085",1
"12460","","533","Bainbridge, GA","Micropolitan Statistical Area","","Tallahassee-Bainbridge, FL-GA","Decatur County","Georgia","GA","13","087","Central","13087",1
"12060","12054","122","Atlanta-Sandy Springs-Roswell, GA","Metropolitan Statistical Area","Atlanta-Sandy Springs-Roswell, GA","Atlanta--Athens-Clarke County--Sandy Springs, GA-AL","DeKalb County","Georgia","GA","13","089","Central","13089",1
"","","","","","","","Dodge County","","GA","","","","13091",0
"","","","","","","","Dooly County","","GA","","","","13093",0
"10500","","","Albany, GA","Metropolitan Statistical Area","","","Dougherty County","Georgia","GA","13","095","Central","13095",1
"12060","12054","122","Atlanta-Sandy Springs-Roswell, GA","Metropolitan Statistical Area","Atlanta-Sandy Springs-Roswell, GA","Atlanta--Athens-Clarke County--Sandy Springs, GA-AL","Douglas County","Georgia","GA","13","097","Central","13097",1
"","","","","","","","Early County","","GA","","","","13099",0
"46660","","","Valdosta, GA","Metropolitan Statistical Area","","","Echols County","Georgia","GA","13","101","Outlying","13101",1
"42340","","496","Savannah, GA","Metropolitan Statistical Area","","Savannah-Hinesville-Statesboro, GA","Effingham County","Georgia","GA","13","103","Outlying","13103",1
"","","","","","","","Elbert County","","GA","","","","13105",0
"","","","","","","","Emanuel County","","GA","","","","13107",0
"44340","","496","Statesboro, GA","Micropolitan Statistical Area","","Savannah-Hinesville-Statesboro, GA","Evans County","Georgia","GA","13","109","Outlying","13109",1
"","","","","","","","Fannin County","","GA","","","","13111",0
"12060","12054","122","Atlanta-Sandy Springs-Roswell, GA","Metropolitan Statistical Area","Atlanta-Sandy Springs-Roswell, GA","Atlanta--Athens-Clarke County--Sandy Springs, GA-AL","Fayette County","Georgia","GA","13","113","Central","13113",1
"40660","","122","Rome, GA","Metropolitan Statistical Area","","Atlanta--Athens-Clarke County--Sandy Springs, GA-AL","Floyd County","Georgia","GA","13","115","Central","13115",1
"12060","12054","122","Atlanta-Sandy Springs-Roswell, GA","Metropolitan Statistical Area","Atlanta-Sandy Springs-Roswell, GA","Atlanta--Athens-Clarke County--Sandy Springs, GA-AL","Forsyth County","Georgia","GA","13","117","Central","13117",1
"","","","","","","","Franklin County","","GA","","","","13119",0
"12060","12054","122","Atlanta-Sandy Springs-Roswell, GA","Metropolitan Statistical Area","Atlanta-Sandy Springs-Roswell, GA","Atlanta--Athens-Clarke County--Sandy Springs, GA-AL","Fulton County","Georgia","GA","13","121","Central","13121",1
"","","","","","","","Gilmer County","","GA","","","","13123",0
"","","","","","","","Glascock County","","GA","","","","13125",0
"15260","","","Brunswick-St. Simons, GA","Metropolitan Statistical Area","","","Glynn County","Georgia","GA","13","127","Central","13127",1
"15660","","122","Calhoun, GA","Micropolitan Statistical Area","","Atlanta--Athens-Clarke County--Sandy Springs, GA-AL","Gordon County","Georgia","GA","13","129","Central","13129",1
"45620","","","Thomasville, GA","Micropolitan Statistical Area","","","Grady County","Georgia","GA","13","131","Outlying","13131",1
"","","","","","","","Greene County","","GA","","","","13133",0
"12060","12054","122","Atlanta-Sandy Springs-Roswell, GA","Metropolitan Statistical Area","Atlanta-Sandy Springs-Roswell, GA","Atlanta--Athens-Clarke County--Sandy Springs, GA-AL","Gwinnett County","Georgia","GA","13","135","Central","13135",1
"18460","","122","Cornelia, GA","Micropolitan Statistical Area","","Atlanta--Athens-Clarke County--Sandy Springs, GA-AL","Habersham County","Georgia","GA","13","137","Central","13137",1
"23580","","122","Gainesville, GA","Metropolitan Statistical Area","","Atlanta--Athens-Clarke County--Sandy Springs, GA-AL","Hall County","Georgia","GA","13","139","Central","13139",1
"","","","","","","","Hancock County","","GA","","","","13141",0
"12060","31924","122","Atlanta-Sandy Springs-Roswell, GA","Metropolitan Statistical Area","Marietta, GA","Atlanta--Athens-Clarke County--Sandy Springs, GA-AL","Haralson County","Georgia","GA","13","143","Outlying","13143",1
"17980","","194","Columbus, GA-AL","Metropolitan Statistical Area","","Columbus-Auburn-Opelika, GA-AL","Harris County","Georgia","GA","13","145","Outlying","13145",1
"","","","","","","","Hart County","","GA","","","","13147",0
"12060","12054","122","Atlanta-Sandy Springs-Roswell, GA","Metropolitan Statistical Area","Atlanta-Sandy Springs-Roswell, GA","Atlanta--Athens-Clarke County--Sandy Springs, GA-AL","Heard County","Georgia","GA","13","149","Outlying","13149",1
"12060","12054","122","Atlanta-Sandy Springs-Roswell, GA","Metropolitan Statistical Area","Atlanta-Sandy Springs-Roswell, GA","Atlanta--Athens-Clarke County--Sandy Springs, GA-AL","Henry County","Georgia","GA","13","151","Central","13151",1
"47580","","356","Warner Robins, GA","Metropolitan Statistical Area","","Macon-Bibb County--Warner Robins, GA","Houston County","Georgia","GA","13","153","Central","13153",1
"","","","","","","","Irwin County","","GA","","","","13155",0
"27600","","122","Jefferson, GA","Micropolitan Statistical Area","","Atlanta--Athens-Clarke County--Sandy Springs, GA-AL","Jackson County","Georgia","GA","13","157","Central","13157",1
"12060","12054","122","Atlanta-Sandy Springs-Roswell, GA","Metropolitan Statistical Area","Atlanta-Sandy Springs-Roswell, GA","Atlanta--Athens-Clarke County--Sandy Springs, GA-AL","Jasper County","Georgia","GA","13","159","Outlying","13159",1
"","","","","","","","Jeff Davis County","","GA","","","","13161",0
"","","","","","","","Jefferson County","","GA","","","","13163",0
"","","","","","","","Jenkins County","","GA","","","","13165",0
"20140","","","Dublin, GA","Micropolitan Statistical Area","","","Johnson County","Georgia","GA","13","167","Outlying","13167",1
"31420","","356","Macon-Bibb County, GA","Metropolitan Statistical Area","","Macon-Bibb County--Warner Robins, GA","Jones County","Georgia","GA","13","169","Outlying","13169",1
"","","","","","","","Lamar County","","GA","","","","13171",0
"46660","","","Valdosta, GA","Metropolitan Statistical Area","","","Lanier County","Georgia","GA","13","173","Outlying","13173",1
"20140","","","Dublin, GA","Micropolitan Statistical Area","","","Laurens County","Georgia","GA","13","175","Central","13175",1
"10500","","","Albany, GA","Metropolitan Statistical Area","","","Lee County","Georgia","GA","13","177","Central","13177",1
"25980","","496","Hinesville, GA","Metropolitan Statistical Area","","Savannah-Hinesville-Statesboro, GA","Liberty County","Georgia","GA","13","179","Central","13179",1
"12260","","","Augusta-Richmond County, GA-SC","Metropolitan Statistical Area","","","Lincoln County","Georgia","GA","13","181","Outlying","13181",1
"25980","","496","Hinesville, GA","Metropolitan Statistical Area","","Savannah-Hinesville-Statesboro, GA","Long County","Georgia","GA","13","183","Outlying","13183",1
"46660","","","Valdosta, GA","Metropolitan Statistical Area","","","Lowndes County","Georgia","GA","13","185","Central","13185",1
"12060","12054","122","Atlanta-Sandy Springs-Roswell, GA","Metropolitan Statistical Area","Atlanta-Sandy Springs-Roswell, GA","Atlanta--Athens-Clarke County--Sandy Springs, GA-AL","Lumpkin County","Georgia","GA","13","187","Outlying","13187",1
"12260","","","Augusta-Richmond County, GA-SC","Metropolitan Statistical Area","","","McDuffie County","Georgia","GA","13","189","Outlying","13189",1
"15260","","","Brunswick-St. Simons, GA","Metropolitan Statistical Area","","","McIntosh County","Georgia","GA","13","191","Outlying","13191",1
"","","","","","","","Macon County","","GA","","","","13193",0
"12020","","122","Athens-Clarke County, GA","Metropolitan Statistical Area","","Atlanta--Athens-Clarke County--Sandy Springs, GA-AL","Madison County","Georgia","GA","13","195","Outlying","13195",1
"17980","","194","Columbus, GA-AL","Metropolitan Statistical Area","","Columbus-Auburn-Opelika, GA-AL","Marion County","Georgia","GA","13","197","Outlying","13197",1
"12060","12054","122","Atlanta-Sandy Springs-Roswell, GA","Metropolitan Statistical Area","Atlanta-Sandy Springs-Roswell, GA","Atlanta--Athens-Clarke County--Sandy Springs, GA-AL","Meriwether County","Georgia","GA","13","199","Outlying","13199",1
"","","","","","","","Miller County","","GA","","","","13201",0
"","","","","","","","Mitchell County","","GA","","","","13205",0
"31420","","356","Macon-Bibb County, GA","Metropolitan Statistical Area","","Macon-Bibb County--Warner Robins, GA","Monroe County","Georgia","GA","13","207","Outlying","13207",1
"47080","","","Vidalia, GA","Micropolitan Statistical Area","","","Montgomery County","Georgia","GA","13","209","Outlying","13209",1
"12060","12054","122","Atlanta-Sandy Springs-Roswell, GA","Metropolitan Statistical Area","Atlanta-Sandy Springs-Roswell, GA","Atlanta--Athens-Clarke County--Sandy Springs, GA-AL","Morgan County","Georgia","GA","13","211","Outlying","13211",1
"19140","","174","Dalton, GA","Metropolitan Statistical Area","","Chattanooga-Cleveland-Dalton, TN-GA-AL","Murray County","Georgia","GA","13","213","Outlying","13213",1
"17980","","194","Columbus, GA-AL","Metropolitan Statistical Area","","Columbus-Auburn-Opelika, GA-AL","Muscogee County","Georgia","GA","13","215","Central","13215",1
"12060","12054","122","Atlanta-Sandy Springs-Roswell, GA","Metropolitan Statistical Area","Atlanta-Sandy Springs-Roswell, GA","Atlanta--Athens-Clarke County--Sandy Springs, GA-AL","Newton County","Georgia","GA","13","217","Central","13217",1
"12020","","122","Athens-Clarke County, GA","Metropolitan Statistical Area","","Atlanta--Athens-Clarke County--Sandy Springs, GA-AL","Oconee County","Georgia","GA","13","219","Central","13219",1
"12020","","122","Athens-Clarke County, GA","Metropolitan Statistical Area","","Atlanta--Athens-Clarke County--Sandy Springs, GA-AL","Oglethorpe County","Georgia","GA","13","221","Outlying","13221",1
"12060","31924","122","Atlanta-Sandy Springs-Roswell, GA","Metropolitan Statistical Area","Marietta, GA","Atlanta--Athens-Clarke County--Sandy Springs, GA-AL","Paulding County","Georgia","GA","13","223","Central","13223",1
"47580","","356","Warner Robins, GA","Metropolitan Statistical Area","","Macon-Bibb County--Warner Robins, GA","Peach County","Georgia","GA","13","225","Central","13225",1
"12060","12054","122","Atlanta-Sandy Springs-Roswell, GA","Metropolitan Statistical Area","Atlanta-Sandy Springs-Roswell, GA","Atlanta--Athens-Clarke County--Sandy Springs, GA-AL","Pickens County","Georgia","GA","13","227","Outlying","13227",1
"48180","","","Waycross, GA","Micropolitan Statistical Area","","","Pierce County","Georgia","GA","13","229","Outlying","13229",1
"12060","12054","122","Atlanta-Sandy Springs-Roswell, GA","Metropolitan Statistical Area","Atlanta-Sandy Springs-Roswell, GA","Atlanta--Athens-Clarke County--Sandy Springs, GA-AL","Pike County","Georgia","GA","13","231","Outlying","13231",1
"16340","","122","Cedartown, GA","Micropolitan Statistical Area","","Atlanta--Athens-Clarke County--Sandy Springs, GA-AL","Polk County","Georgia","GA","13","233","Central","13233",1
"","","","","","","","Pulaski County","","GA","","","","13235",0
"","","","","","","","Putnam County","","GA","","","","13237",0
"21640","","","Eufaula, AL-GA","Micropolitan Statistical Area","","","Quitman County","Georgia","GA","13","239","Outlying","13239",1
"","","","","","","","Rabun County","","GA","","","","13241",0
"","","","","","","","Randolph County","","GA","","","","13243",0
"12260","","","Augusta-Richmond County, GA-SC","Metropolitan Statistical Area","","","Richmond County","Georgia","GA","13","245","Central","13245",1
"12060","12054","122","Atlanta-Sandy Springs-Roswell, GA","Metropolitan Statistical Area","Atlanta-Sandy Springs-Roswell, GA","Atlanta--Athens-Clarke County--Sandy Springs, GA-AL","Rockdale County","Georgia","GA","13","247","Central","13247",1
"11140","","","Americus, GA","Micropolitan Statistical Area","","","Schley County","Georgia","GA","13","249","Outlying","13249",1
"","","","","","","","Screven County","","GA","","","","13251",0
"","","","","","","","Seminole County","","GA","","","","13253",0
"12060","12054","122","Atlanta-Sandy Springs-Roswell, GA","Metropolitan Statistical Area","Atlanta-Sandy Springs-Roswell, GA","Atlanta--Athens-Clarke County--Sandy Springs, GA-AL","Spalding County","Georgia","GA","13","255","Outlying","13255",1
"45740","","","Toccoa, GA","Micropolitan Statistical Area","","","Stephens County","Georgia","GA","13","257","Central","13257",1
"17980","","194","Columbus, GA-AL","Metropolitan Statistical Area","","Columbus-Auburn-Opelika, GA-AL","Stewart County","Georgia","GA","13","259","Outlying","13259",1
"11140","","","Americus, GA","Micropolitan Statistical Area","","","Sumter County","Georgia","GA","13","261","Central","13261",1
"17980","","194","Columbus, GA-AL","Metropolitan Statistical Area","","Columbus-Auburn-Opelika, GA-AL","Talbot County","Georgia","GA","13","263","Outlying","13263",1
"","","","","","","","Taliaferro County","","GA","","","","13265",0
"","","","","","","","Tattnall County","","GA","","","","13267",0
"","","","","","","","Taylor County","","GA","","","","13269",0
"","","","","","","","Telfair County","","GA","","","","13271",0
"10500","","","Albany, GA","Metropolitan Statistical Area","","","Terrell County","Georgia","GA","13","273","Outlying","13273",1
"45620","","","Thomasville, GA","Micropolitan Statistical Area","","","Thomas County","Georgia","GA","13","275","Central","13275",1
"45700","","","Tifton, GA","Micropolitan Statistical Area","","","Tift County","Georgia","GA","13","277","Central","13277",1
"47080","","","Vidalia, GA","Micropolitan Statistical Area","","","Toombs County","Georgia","GA","13","279","Central","13279",1
"","","","","","","","Towns County","","GA","","","","13281",0
"","","","","","","","Treutlen County","","GA","","","","13283",0
"29300","","122","LaGrange, GA-AL","Micropolitan Statistical Area","","Atlanta--Athens-Clarke County--Sandy Springs, GA-AL","Troup County","Georgia","GA","13","285","Central","13285",1
"45700","","","Tifton, GA","Micropolitan Statistical Area","","","Turner County","Georgia","GA","13","287","Outlying","13287",1
"31420","","356","Macon-Bibb County, GA","Metropolitan Statistical Area","","Macon-Bibb County--Warner Robins, GA","Twiggs County","Georgia","GA","13","289","Outlying","13289",1
"","","","","","","","Union County","","GA","","","","13291",0
"45580","","122","Thomaston, GA","Micropolitan Statistical Area","","Atlanta--Athens-Clarke County--Sandy Springs, GA-AL","Upson County","Georgia","GA","13","293","Central","13293",1
"16860","","174","Chattanooga, TN-GA","Metropolitan Statistical Area","","Chattanooga-Cleveland-Dalton, TN-GA-AL","Walker County","Georgia","GA","13","295","Central","13295",1
"12060","12054","122","Atlanta-Sandy Springs-Roswell, GA","Metropolitan Statistical Area","Atlanta-Sandy Springs-Roswell, GA","Atlanta--Athens-Clarke County--Sandy Springs, GA-AL","Walton County","Georgia","GA","13","297","Central","13297",1
"48180","","","Waycross, GA","Micropolitan Statistical Area","","","Ware County","Georgia","GA","13","299","Central","13299",1
"","","","","","","","Warren County","","GA","","","","13301",0
"","","","","","","","Washington County","","GA","","","","13303",0
"27700","","496","Jesup, GA","Micropolitan Statistical Area","","Savannah-Hinesville-Statesboro, GA","Wayne County","Georgia","GA","13","305","Central","13305",1
"","","","","","","","Webster County","","GA","","","","13307",0
"","","","","","","","Wheeler County","","GA","","","","13309",0
"","","","","","","","White County","","GA","","","","13311",0
"19140","","174","Dalton, GA","Metropolitan Statistical Area","","Chattanooga-Cleveland-Dalton, TN-GA-AL","Whitfield County","Georgia","GA","13","313","Central","13313",1
"","","","","","","","Wilcox County","","GA","","","","13315",0
"","","","","","","","Wilkes County","","GA","","","","13317",0
"","","","","","","","Wilkinson County","","GA","","","","13319",0
"10500","","","Albany, GA","Metropolitan Statistical Area","","","Worth County","Georgia","GA","13","321","Outlying","13321",1
"25900","","","Hilo-Kailua, HI","Micropolitan Statistical Area","","","Hawaii County","Hawaii","HI","15","001","Central","15001",1
"46520","","","Urban Honolulu, HI","Metropolitan Statistical Area","","","Honolulu County","Hawaii","HI","15","003","Central","15003",1
"27980","","","Kahului-Wailuku, HI","Metropolitan Statistical Area","","","Kalawao County","Hawaii","HI","15","005","Outlying","15005",1
"28180","","","Kapaa, HI","Micropolitan Statistical Area","","","Kauai County","Hawaii","HI","15","007","Central","15007",1
"27980","","","Kahului-Wailuku, HI","Metropolitan Statistical Area","","","Maui County","Hawaii","HI","15","009","Central","15009",1
"14260","","147","Boise City, ID","Metropolitan Statistical Area","","Boise City-Mountain Home-Ontario, ID-OR","Ada County","Idaho","ID","16","001","Central","16001",1
"","","","","","","","Adams County","","ID","","","","16003",0
"38540","","","Pocatello, ID","Metropolitan Statistical Area","","","Bannock County","Idaho","ID","16","005","Central","16005",1
"","","","","","","","Bear Lake County","","ID","","","","16007",0
"","","","","","","","Benewah County","","ID","","","","16009",0
"13940","","292","Blackfoot, ID","Micropolitan Statistical Area","","Idaho Falls-Rexburg-Blackfoot, ID","Bingham County","Idaho","ID","16","011","Central","16011",1
"25200","","","Hailey, ID","Micropolitan Statistical Area","","","Blaine County","Idaho","ID","16","013","Central","16013",1
"14260","","147","Boise City, ID","Metropolitan Statistical Area","","Boise City-Mountain Home-Ontario, ID-OR","Boise County","Idaho","ID","16","015","Outlying","16015",1
"41760","","","Sandpoint, ID","Micropolitan Statistical Area","","","Bonner County","Idaho","ID","16","017","Central","16017",1
"26820","","292","Idaho Falls, ID","Metropolitan Statistical Area","","Idaho Falls-Rexburg-Blackfoot, ID","Bonneville County","Idaho","ID","16","019","Central","16019",1
"","","","","","","","Boundary County","","ID","","","","16021",0
"26820","","292","Idaho Falls, ID","Metropolitan Statistical Area","","Idaho Falls-Rexburg-Blackfoot, ID","Butte County","Idaho","ID","16","023","Outlying","16023",1
"25200","","","Hailey, ID","Micropolitan Statistical Area","","","Camas County","Idaho","ID","16","025","Outlying","16025",1
"14260","","147","Boise City, ID","Metropolitan Statistical Area","","Boise City-Mountain Home-Ontario, ID-OR","Canyon County","Idaho","ID","16","027","Outlying","16027",1
"","","","","","","","Caribou County","","ID","","","","16029",0
"15420","","","Burley, ID","Micropolitan Statistical Area","","","Cassia County","Idaho","ID","16","031","Central","16031",1
"","","","","","","","Clark County","","ID","","","","16033",0
"","","","","","","","Clearwater County","","ID","","","","16035",0
"","","","","","","","Custer County","","ID","","","","16037",0
"34300","","147","Mountain Home, ID","Micropolitan Statistical Area","","Boise City-Mountain Home-Ontario, ID-OR","Elmore County","Idaho","ID","16","039","Central","16039",1
"30860","","","Logan, UT-ID","Metropolitan Statistical Area","","","Franklin County","Idaho","ID","16","041","Outlying","16041",1
"39940","","292","Rexburg, ID","Micropolitan Statistical Area","","Idaho Falls-Rexburg-Blackfoot, ID","Fremont County","Idaho","ID","16","043","Outlying","16043",1
"14260","","147","Boise City, ID","Metropolitan Statistical Area","","Boise City-Mountain Home-Ontario, ID-OR","Gem County","Idaho","ID","16","045","Outlying","16045",1
"","","","","","","","Gooding County","","ID","","","","16047",0
"","","","","","","","Idaho County","","ID","","","","16049",0
"26820","","292","Idaho Falls, ID","Metropolitan Statistical Area","","Idaho Falls-Rexburg-Blackfoot, ID","Jefferson County","Idaho","ID","16","051","Outlying","16051",1
"46300","","","Twin Falls, ID","Metropolitan Statistical Area","","","Jerome County","Idaho","ID","16","053","Outlying","16053",1
"17660","","518","Coeur d'Alene, ID","Metropolitan Statistical Area","","Spokane-Spokane Valley-Coeur d'Alene, WA-ID","Kootenai County","Idaho","ID","16","055","Central","16055",1
"34140","","446","Moscow, ID","Micropolitan Statistical Area","","Pullman-Moscow, WA-ID","Latah County","Idaho","ID","16","057","Central","16057",1
"","","","","","","","Lemhi County","","ID","","","","16059",0
"","","","","","","","Lewis County","","ID","","","","16061",0
"25200","","","Hailey, ID","Micropolitan Statistical Area","","","Lincoln County","Idaho","ID","16","063","Outlying","16063",1
"39940","","292","Rexburg, ID","Micropolitan Statistical Area","","Idaho Falls-Rexburg-Blackfoot, ID","Madison County","Idaho","ID","16","065","Central","16065",1
"15420","","","Burley, ID","Micropolitan Statistical Area","","","Minidoka County","Idaho","ID","16","067","Central","16067",1
"30300","","","Lewiston, ID-WA","Metropolitan Statistical Area","","","Nez Perce County","Idaho","ID","16","069","Central","16069",1
"14940","","482","Brigham City, UT-ID","Micropolitan Statistical Area","","Salt Lake City-Provo-Orem, UT-ID","Oneida County","Idaho","ID","16","071","Outlying","16071",1
"14260","","147","Boise City, ID","Metropolitan Statistical Area","","Boise City-Mountain Home-Ontario, ID-OR","Owyhee County","Idaho","ID","16","073","Outlying","16073",1
"36620","","147","Ontario, OR-ID","Micropolitan Statistical Area","","Boise City-Mountain Home-Ontario, ID-OR","Payette County","Idaho","ID","16","075","Central","16075",1
"","","","","","","","Power County","","ID","","","","16077",0
"","","","","","","","Shoshone County","","ID","","","","16079",0
"27220","","","Jackson, WY-ID","Micropolitan Statistical Area","","","Teton County","Idaho","ID","16","081","Outlying","16081",1
"46300","","","Twin Falls, ID","Metropolitan Statistical Area","","","Twin Falls County","Idaho","ID","16","083","Central","16083",1
"","","","","","","","Valley County","","ID","","","","16085",0
"","","","","","","","Washington County","","ID","","","","16087",0
"39500","","448","Quincy, IL-MO","Micropolitan Statistical Area","","Quincy-Hannibal, IL-MO","Adams County","Illinois","IL","17","001","Central","17001",1
"16020","","164","Cape Girardeau, MO-IL","Metropolitan Statistical Area","","Cape Girardeau-Sikeston, MO-IL","Alexander County","Illinois","IL","17","003","Outlying","17003",1
"41180","","476","St. Louis, MO-IL","Metropolitan Statistical Area","","St. Louis-St. Charles-Farmington, MO-IL","Bond County","Illinois","IL","17","005","Outlying","17005",1
"40420","","466","Rockford, IL","Metropolitan Statistical Area","","Rockford-Freeport-Rochelle, IL","Boone County","Illinois","IL","17","007","Central","17007",1
"","","","","","","","Brown County","","IL","","","","17009",0
"36837","","176","Ottawa, IL","Micropolitan Statistical Area","","Chicago-Naperville, IL-IN-WI","Bureau County","Illinois","IL","17","011","Central","17011",1
"41180","","476","St. Louis, MO-IL","Metropolitan Statistical Area","","St. Louis-St. Charles-Farmington, MO-IL","Calhoun County","Illinois","IL","17","013","Outlying","17013",1
"","","","","","","","Carroll County","","IL","","","","17015",0
"","","","","","","","Cass County","","IL","","","","17017",0
"16580","","169","Champaign-Urbana, IL","Metropolitan Statistical Area","","Champaign-Urbana-Danville, IL","Champaign County","Illinois","IL","17","019","Central","17019",1
"45380","","522","Taylorville, IL","Micropolitan Statistical Area","","Springfield-Jacksonville-Lincoln, IL","Christian County","Illinois","IL","17","021","Central","17021",1
"","","","","","","","Clark County","","IL","","","","17023",0
"","","","","","","","Clay County","","IL","","","","17025",0
"41180","","476","St. Louis, MO-IL","Metropolitan Statistical Area","","St. Louis-St. Charles-Farmington, MO-IL","Clinton County","Illinois","IL","17","027","Outlying","17027",1
"16660","","","Charleston-Mattoon, IL","Micropolitan Statistical Area","","","Coles County","Illinois","IL","17","029","Central","17029",1
"16980","16984","176","Chicago-Naperville-Elgin, IL-IN","Metropolitan Statistical Area","Chicago-Naperville-Schaumburg, IL","Chicago-Naperville, IL-IN-WI","Cook County","Illinois","IL","17","031","Central","17031",1
"","","","","","","","Crawford County","","IL","","","","17033",0
"20820","","","Effingham, IL","Micropolitan Statistical Area","","","Cumberland County","Illinois","IL","17","035","Outlying","17035",1
"16980","20994","176","Chicago-Naperville-Elgin, IL-IN","Metropolitan Statistical Area","Elgin, IL","Chicago-Naperville, IL-IN-WI","DeKalb County","Illinois","IL","17","037","Outlying","17037",1
"","","","","","","","De Witt County","","IL","","","","17039",0
"","","","","","","","Douglas County","","IL","","","","17041",0
"16980","16984","176","Chicago-Naperville-Elgin, IL-IN","Metropolitan Statistical Area","Chicago-Naperville-Schaumburg, IL","Chicago-Naperville, IL-IN-WI","DuPage County","Illinois","IL","17","043","Central","17043",1
"","","","","","","","Edgar County","","IL","","","","17045",0
"","","","","","","","Edwards County","","IL","","","","17047",0
"20820","","","Effingham, IL","Micropolitan Statistical Area","","","Effingham County","Illinois","IL","17","049","Central","17049",1
"","","","","","","","Fayette County","","IL","","","","17051",0
"16580","","169","Champaign-Urbana, IL","Metropolitan Statistical Area","","Champaign-Urbana-Danville, IL","Ford County","Illinois","IL","17","053","Outlying","17053",1
"","","","","","","","Franklin County","","IL","","","","17055",0
"15900","","427","Canton, IL","Micropolitan Statistical Area","","Peoria-Canton, IL","Fulton County","Illinois","IL","17","057","Central","17057",1
"","","","","","","","Gallatin County","","IL","","","","17059",0
"","","","","","","","Greene County","","IL","","","","17061",0
"16980","16984","176","Chicago-Naperville-Elgin, IL-IN","Metropolitan Statistical Area","Chicago-Naperville-Schaumburg, IL","Chicago-Naperville, IL-IN-WI","Grundy County","Illinois","IL","17","063","Outlying","17063",1
"","","","","","","","Hamilton County","","IL","","","","17065",0
"","","","","","","","Hancock County","","IL","","","","17067",0
"","","","","","","","Hardin County","","IL","","","","17069",0
"15460","","161","Burlington, IA-IL","Micropolitan Statistical Area","","Burlington-Fort Madison, IA-IL","Henderson County","Illinois","IL","17","071","Outlying","17071",1
"19340","","209","Davenport-Moline-Rock Island, IA-IL","Metropolitan Statistical Area","","Davenport-Moline, IA-IL","Henry County","Illinois","IL","17","073","Outlying","17073",1
"","","","","","","","Iroquois County","","IL","","","","17075",0
"16060","","166","Carbondale, IL","Micropolitan Statistical Area","","Carbondale-Marion-Herrin, IL","Jackson County","Illinois","IL","17","077","Central","17077",1
"","","","","","","","Jasper County","","IL","","","","17079",0
"34500","","","Mount Vernon, IL","Micropolitan Statistical Area","","","Jefferson County","Illinois","IL","17","081","Central","17081",1
"41180","","476","St. Louis, MO-IL","Metropolitan Statistical Area","","St. Louis-St. Charles-Farmington, MO-IL","Jersey County","Illinois","IL","17","083","Outlying","17083",1
"","","","","","","","Jo Daviess County","","IL","","","","17085",0
"","","","","","","","Johnson County","","IL","","","","17087",0
"16980","20994","176","Chicago-Naperville-Elgin, IL-IN","Metropolitan Statistical Area","Elgin, IL","Chicago-Naperville, IL-IN-WI","Kane County","Illinois","IL","17","089","Central","17089",1
"28100","","176","Kankakee, IL","Metropolitan Statistical Area","","Chicago-Naperville, IL-IN-WI","Kankakee County","Illinois","IL","17","091","Central","17091",1
"16980","20994","176","Chicago-Naperville-Elgin, IL-IN","Metropolitan Statistical Area","Elgin, IL","Chicago-Naperville, IL-IN-WI","Kendall County","Illinois","IL","17","093","Central","17093",1
"23660","","","Galesburg, IL","Micropolitan Statistical Area","","","Knox County","Illinois","IL","17","095","Central","17095",1
"16980","29404","176","Chicago-Naperville-Elgin, IL-IN","Metropolitan Statistical Area","Lake County, IL","Chicago-Naperville, IL-IN-WI","Lake County","Illinois","IL","17","097","Central","17097",1
"36837","","176","Ottawa, IL","Micropolitan Statistical Area","","Chicago-Naperville, IL-IN-WI","LaSalle County","Illinois","IL","17","099","Central","17099",1
"","","","","","","","Lawrence County","","IL","","","","17101",0
"19940","","221","Dixon, IL","Micropolitan Statistical Area","","Dixon-Sterling, IL","Lee County","Illinois","IL","17","103","Central","17103",1
"38700","","145","Pontiac, IL","Micropolitan Statistical Area","","Bloomington-Pontiac, IL","Livingston County","Illinois","IL","17","105","Central","17105",1
"30660","","522","Lincoln, IL","Micropolitan Statistical Area","","Springfield-Jacksonville-Lincoln, IL","Logan County","Illinois","IL","17","107","Central","17107",1
"31380","","","Macomb, IL","Micropolitan Statistical Area","","","McDonough County","Illinois","IL","17","109","Central","17109",1
"16980","16984","176","Chicago-Naperville-Elgin, IL-IN","Metropolitan Statistical Area","Chicago-Naperville-Schaumburg, IL","Chicago-Naperville, IL-IN-WI","McHenry County","Illinois","IL","17","111","Central","17111",1
"14010","","145","Bloomington, IL","Metropolitan Statistical Area","","Bloomington-Pontiac, IL","McLean County","Illinois","IL","17","113","Central","17113",1
"19500","","","Decatur, IL","Metropolitan Statistical Area","","","Macon County","Illinois","IL","17","115","Central","17115",1
"41180","","476","St. Louis, MO-IL","Metropolitan Statistical Area","","St. Louis-St. Charles-Farmington, MO-IL","Macoupin County","Illinois","IL","17","117","Outlying","17117",1
"41180","","476","St. Louis, MO-IL","Metropolitan Statistical Area","","St. Louis-St. Charles-Farmington, MO-IL","Madison County","Illinois","IL","17","119","Central","17119",1
"16460","","476","Centralia, IL","Micropolitan Statistical Area","","St. Louis-St. Charles-Farmington, MO-IL","Marion County","Illinois","IL","17","121","Central","17121",1
"37900","","427","Peoria, IL","Metropolitan Statistical Area","","Peoria-Canton, IL","Marshall County","Illinois","IL","17","123","Outlying","17123",1
"","","","","","","","Mason County","","IL","","","","17125",0
"37140","","424","Paducah, KY-IL","Metropolitan Statistical Area","","Paducah-Mayfield, KY-IL","Massac County","Illinois","IL","17","127","Outlying","17127",1
"44100","","522","Springfield, IL","Metropolitan Statistical Area","","Springfield-Jacksonville-Lincoln, IL","Menard County","Illinois","IL","17","129","Outlying","17129",1
"19340","","209","Davenport-Moline-Rock Island, IA-IL","Metropolitan Statistical Area","","Davenport-Moline, IA-IL","Mercer County","Illinois","IL","17","131","Outlying","17131",1
"41180","","476","St. Louis, MO-IL","Metropolitan Statistical Area","","St. Louis-St. Charles-Farmington, MO-IL","Monroe County","Illinois","IL","17","133","Central","17133",1
"","","","","","","","Montgomery County","","IL","","","","17135",0
"27300","","522","Jacksonville, IL","Micropolitan Statistical Area","","Springfield-Jacksonville-Lincoln, IL","Morgan County","Illinois","IL","17","137","Central","17137",1
"","","","","","","","Moultrie County","","IL","","","","17139",0
"40300","","466","Rochelle, IL","Micropolitan Statistical Area","","Rockford-Freeport-Rochelle, IL","Ogle County","Illinois","IL","17","141","Central","17141",1
"37900","","427","Peoria, IL","Metropolitan Statistical Area","","Peoria-Canton, IL","Peoria County","Illinois","IL","17","143","Central","17143",1
"","","","","","","","Perry County","","IL","","","","17145",0
"16580","","169","Champaign-Urbana, IL","Metropolitan Statistical Area","","Champaign-Urbana-Danville, IL","Piatt County","Illinois","IL","17","147","Outlying","17147",1
"","","","","","","","Pike County","","IL","","","","17149",0
"","","","","","","","Pope County","","IL","","","","17151",0
"","","","","","","","Pulaski County","","IL","","","","17153",0
"36837","","176","Ottawa, IL","Micropolitan Statistical Area","","Chicago-Naperville, IL-IN-WI","Putnam County","Illinois","IL","17","155","Outlying","17155",1
"","","","","","","","Randolph County","","IL","","","","17157",0
"","","","","","","","Richland County","","IL","","","","17159",0
"19340","","209","Davenport-Moline-Rock Island, IA-IL","Metropolitan Statistical Area","","Davenport-Moline, IA-IL","Rock Island County","Illinois","IL","17","161","Central","17161",1
"41180","","476","St. Louis, MO-IL","Metropolitan Statistical Area","","St. Louis-St. Charles-Farmington, MO-IL","St. Clair County","Illinois","IL","17","163","Central","17163",1
"","","","","","","","Saline County","","IL","","","","17165",0
"44100","","522","Springfield, IL","Metropolitan Statistical Area","","Springfield-Jacksonville-Lincoln, IL","Sangamon County","Illinois","IL","17","167","Central","17167",1
"","","","","","","","Schuyler County","","IL","","","","17169",0
"27300","","522","Jacksonville, IL","Micropolitan Statistical Area","","Springfield-Jacksonville-Lincoln, IL","Scott County","Illinois","IL","17","171","Outlying","17171",1
"","","","","","","","Shelby County","","IL","","","","17173",0
"37900","","427","Peoria, IL","Metropolitan Statistical Area","","Peoria-Canton, IL","Stark County","Illinois","IL","17","175","Outlying","17175",1
"23300","","466","Freeport, IL","Micropolitan Statistical Area","","Rockford-Freeport-Rochelle, IL","Stephenson County","Illinois","IL","17","177","Central","17177",1
"37900","","427","Peoria, IL","Metropolitan Statistical Area","","Peoria-Canton, IL","Tazewell County","Illinois","IL","17","179","Central","17179",1
"","","","","","","","Union County","","IL","","","","17181",0
"19180","","169","Danville, IL","Micropolitan Statistical Area","","Champaign-Urbana-Danville, IL","Vermilion County","Illinois","IL","17","183","Central","17183",1
"","","","","","","","Wabash County","","IL","","","","17185",0
"","","","","","","","Warren County","","IL","","","","17187",0
"","","","","","","","Washington County","","IL","","","","17189",0
"","","","","","","","Wayne County","","IL","","","","17191",0
"","","","","","","","White County","","IL","","","","17193",0
"44580","","221","Sterling, IL","Micropolitan Statistical Area","","Dixon-Sterling, IL","Whiteside County","Illinois","IL","17","195","Central","17195",1
"16980","16984","176","Chicago-Naperville-Elgin, IL-IN","Metropolitan Statistical Area","Chicago-Naperville-Schaumburg, IL","Chicago-Naperville, IL-IN-WI","Will County","Illinois","IL","17","197","Central","17197",1
"32060","","166","Marion-Herrin, IL","Micropolitan Statistical Area","","Carbondale-Marion-Herrin, IL","Williamson County","Illinois","IL","17","199","Central","17199",1
"40420","","466","Rockford, IL","Metropolitan Statistical Area","","Rockford-Freeport-Rochelle, IL","Winnebago County","Illinois","IL","17","201","Central","17201",1
"37900","","427","Peoria, IL","Metropolitan Statistical Area","","Peoria-Canton, IL","Woodford County","Illinois","IL","17","203","Central","17203",1
"19540","","258","Decatur, IN","Micropolitan Statistical Area","","Fort Wayne-Huntington-Auburn, IN","Adams County","Indiana","IN","18","001","Central","18001",1
"23060","","258","Fort Wayne, IN","Metropolitan Statistical Area","","Fort Wayne-Huntington-Auburn, IN","Allen County","Indiana","IN","18","003","Central","18003",1
"18020","","294","Columbus, IN","Metropolitan Statistical Area","","Indianapolis-Carmel-Muncie, IN","Bartholomew County","Indiana","IN","18","005","Central","18005",1
"29200","","320","Lafayette-West Lafayette, IN","Metropolitan Statistical Area","","Lafayette-West Lafayette-Frankfort, IN","Benton County","Indiana","IN","18","007","Outlying","18007",1
"","","","","","","","Blackford County","","IN","","","","18009",0
"26900","","294","Indianapolis-Carmel-Greenwood, IN","Metropolitan Statistical Area","","Indianapolis-Carmel-Muncie, IN","Boone County","Indiana","IN","18","011","Central","18011",1
"26900","","294","Indianapolis-Carmel-Greenwood, IN","Metropolitan Statistical Area","","Indianapolis-Carmel-Muncie, IN","Brown County","Indiana","IN","18","013","Outlying","18013",1
"29200","","320","Lafayette-West Lafayette, IN","Metropolitan Statistical Area","","Lafayette-West Lafayette-Frankfort, IN","Carroll County","Indiana","IN","18","015","Outlying","18015",1
"30900","","","Logansport, IN","Micropolitan Statistical Area","","","Cass County","Indiana","IN","18","017","Central","18017",1
"31140","","350","Louisville/Jefferson County, KY-IN","Metropolitan Statistical Area","","Louisville/Jefferson County--Elizabethtown, KY-IN","Clark County","Indiana","IN","18","019","Central","18019",1
"45460","","","Terre Haute, IN","Metropolitan Statistical Area","","","Clay County","Indiana","IN","18","021","Outlying","18021",1
"23140","","320","Frankfort, IN","Micropolitan Statistical Area","","Lafayette-West Lafayette-Frankfort, IN","Clinton County","Indiana","IN","18","023","Central","18023",1
"","","","","","","","Crawford County","","IN","","","","18025",0
"47780","","","Washington, IN","Micropolitan Statistical Area","","","Daviess County","Indiana","IN","18","027","Central","18027",1
"17140","","178","Cincinnati, OH-KY-IN","Metropolitan Statistical Area","","Cincinnati-Wilmington, OH-KY-IN","Dearborn County","Indiana","IN","18","029","Outlying","18029",1
"24700","","294","Greensburg, IN","Micropolitan Statistical Area","","Indianapolis-Carmel-Muncie, IN","Decatur County","Indiana","IN","18","031","Central","18031",1
"12140","","258","Auburn, IN","Micropolitan Statistical Area","","Fort Wayne-Huntington-Auburn, IN","DeKalb County","Indiana","IN","18","033","Central","18033",1
"34620","","294","Muncie, IN","Metropolitan Statistical Area","","Indianapolis-Carmel-Muncie, IN","Delaware County","Indiana","IN","18","035","Central","18035",1
"27540","","","Jasper, IN","Micropolitan Statistical Area","","","Dubois County","Indiana","IN","18","037","Central","18037",1
"21140","","515","Elkhart-Goshen, IN","Metropolitan Statistical Area","","South Bend-Elkhart-Mishawaka, IN-MI","Elkhart County","Indiana","IN","18","039","Central","18039",1
"18220","","458","Connersville, IN","Micropolitan Statistical Area","","Richmond-Connersville, IN","Fayette County","Indiana","IN","18","041","Central","18041",1
"31140","","350","Louisville/Jefferson County, KY-IN","Metropolitan Statistical Area","","Louisville/Jefferson County--Elizabethtown, KY-IN","Floyd County","Indiana","IN","18","043","Central","18043",1
"","","","","","","","Fountain County","","IN","","","","18045",0
"17140","","178","Cincinnati, OH-KY-IN","Metropolitan Statistical Area","","Cincinnati-Wilmington, OH-KY-IN","Franklin County","Indiana","IN","18","047","Outlying","18047",1
"","","","","","","","Fulton County","","IN","","","","18049",0
"","","","","","","","Gibson County","","IN","","","","18051",0
"31980","","","Marion, IN","Micropolitan Statistical Area","","","Grant County","Indiana","IN","18","053","Central","18053",1
"","","","","","","","Greene County","","IN","","","","18055",0
"26900","","294","Indianapolis-Carmel-Greenwood, IN","Metropolitan Statistical Area","","Indianapolis-Carmel-Muncie, IN","Hamilton County","Indiana","IN","18","057","Central","18057",1
"26900","","294","Indianapolis-Carmel-Greenwood, IN","Metropolitan Statistical Area","","Indianapolis-Carmel-Muncie, IN","Hancock County","Indiana","IN","18","059","Central","18059",1
"31140","","350","Louisville/Jefferson County, KY-IN","Metropolitan Statistical Area","","Louisville/Jefferson County--Elizabethtown, KY-IN","Harrison County","Indiana","IN","18","061","Outlying","18061",1
"26900","","294","Indianapolis-Carmel-Greenwood, IN","Metropolitan Statistical Area","","Indianapolis-Carmel-Muncie, IN","Hendricks County","Indiana","IN","18","063","Central","18063",1
"35220","","294","New Castle, IN","Micropolitan Statistical Area","","Indianapolis-Carmel-Muncie, IN","Henry County","Indiana","IN","18","065","Central","18065",1
"29020","","294","Kokomo, IN","Metropolitan Statistical Area","","Indianapolis-Carmel-Muncie, IN","Howard County","Indiana","IN","18","067","Central","18067",1
"26540","","258","Huntington, IN","Micropolitan Statistical Area","","Fort Wayne-Huntington-Auburn, IN","Huntington County","Indiana","IN","18","069","Central","18069",1
"42980","","294","Seymour, IN","Micropolitan Statistical Area","","Indianapolis-Carmel-Muncie, IN","Jackson County","Indiana","IN","18","071","Central","18071",1
"16980","29414","176","Chicago-Naperville-Elgin, IL-IN","Metropolitan Statistical Area","Lake County-Porter County-Jasper County, IN","Chicago-Naperville, IL-IN-WI","Jasper County","Indiana","IN","18","073","Outlying","18073",1
"","","","","","","","Jay County","","IN","","","","18075",0
"31500","","","Madison, IN","Micropolitan Statistical Area","","","Jefferson County","Indiana","IN","18","077","Central","18077",1
"","","","","","","","Jennings County","","IN","","","","18079",0
"26900","","294","Indianapolis-Carmel-Greenwood, IN","Metropolitan Statistical Area","","Indianapolis-Carmel-Muncie, IN","Johnson County","Indiana","IN","18","081","Central","18081",1
"47180","","","Vincennes, IN","Micropolitan Statistical Area","","","Knox County","Indiana","IN","18","083","Central","18083",1
"47700","","515","Warsaw, IN","Micropolitan Statistical Area","","South Bend-Elkhart-Mishawaka, IN-MI","Kosciusko County","Indiana","IN","18","085","Central","18085",1
"","","","","","","","LaGrange County","","IN","","","","18087",0
"16980","29414","176","Chicago-Naperville-Elgin, IL-IN","Metropolitan Statistical Area","Lake County-Porter County-Jasper County, IN","Chicago-Naperville, IL-IN-WI","Lake County","Indiana","IN","18","089","Central","18089",1
"33140","","176","Michigan City-La Porte, IN","Metropolitan Statistical Area","","Chicago-Naperville, IL-IN-WI","LaPorte County","Indiana","IN","18","091","Central","18091",1
"13260","","144","Bedford, IN","Micropolitan Statistical Area","","Bloomington-Bedford, IN","Lawrence County","Indiana","IN","18","093","Central","18093",1
"26900","","294","Indianapolis-Carmel-Greenwood, IN","Metropolitan Statistical Area","","Indianapolis-Carmel-Muncie, IN","Madison County","Indiana","IN","18","095","Outlying","18095",1
"26900","","294","Indianapolis-Carmel-Greenwood, IN","Metropolitan Statistical Area","","Indianapolis-Carmel-Muncie, IN","Marion County","Indiana","IN","18","097","Central","18097",1
"38500","","515","Plymouth, IN","Micropolitan Statistical Area","","South Bend-Elkhart-Mishawaka, IN-MI","Marshall County","Indiana","IN","18","099","Central","18099",1
"","","","","","","","Martin County","","IN","","","","18101",0
"37940","","294","Peru, IN","Micropolitan Statistical Area","","Indianapolis-Carmel-Muncie, IN","Miami County","Indiana","IN","18","103","Central","18103",1
"14020","","144","Bloomington, IN","Metropolitan Statistical Area","","Bloomington-Bedford, IN","Monroe County","Indiana","IN","18","105","Central","18105",1
"18820","","294","Crawfordsville, IN","Micropolitan Statistical Area","","Indianapolis-Carmel-Muncie, IN","Montgomery County","Indiana","IN","18","107","Central","18107",1
"26900","","294","Indianapolis-Carmel-Greenwood, IN","Metropolitan Statistical Area","","Indianapolis-Carmel-Muncie, IN","Morgan County","Indiana","IN","18","109","Central","18109",1
"16980","29414","176","Chicago-Naperville-Elgin, IL-IN","Metropolitan Statistical Area","Lake County-Porter County-Jasper County, IN","Chicago-Naperville, IL-IN-WI","Newton County","Indiana","IN","18","111","Outlying","18111",1
"28340","","258","Kendallville, IN","Micropolitan Statistical Area","","Fort Wayne-Huntington-Auburn, IN","Noble County","Indiana","IN","18","113","Central","18113",1
"17140","","178","Cincinnati, OH-KY-IN","Metropolitan Statistical Area","","Cincinnati-Wilmington, OH-KY-IN","Ohio County","Indiana","IN","18","115","Outlying","18115",1
"","","","","","","","Orange County","","IN","","","","18117",0
"14020","","144","Bloomington, IN","Metropolitan Statistical Area","","Bloomington-Bedford, IN","Owen County","Indiana","IN","18","119","Outlying","18119",1
"","","","","","","","Parke County","","IN","","","","18121",0
"","","","","","","","Perry County","","IN","","","","18123",0
"","","","","","","","Pike County","","IN","","","","18125",0
"16980","29414","176","Chicago-Naperville-Elgin, IL-IN","Metropolitan Statistical Area","Lake County-Porter County-Jasper County, IN","Chicago-Naperville, IL-IN-WI","Porter County","Indiana","IN","18","127","Central","18127",1
"21780","","241","Evansville, IN","Metropolitan Statistical Area","","Evansville-Henderson, IN-KY","Posey County","Indiana","IN","18","129","Outlying","18129",1
"","","","","","","","Pulaski County","","IN","","","","18131",0
"24600","","294","Greencastle, IN","Micropolitan Statistical Area","","Indianapolis-Carmel-Muncie, IN","Putnam County","Indiana","IN","18","133","Central","18133",1
"","","","","","","","Randolph County","","IN","","","","18135",0
"","","","","","","","Ripley County","","IN","","","","18137",0
"","","","","","","","Rush County","","IN","","","","18139",0
"43780","","515","South Bend-Mishawaka, IN-MI","Metropolitan Statistical Area","","South Bend-Elkhart-Mishawaka, IN-MI","St. Joseph County","Indiana","IN","18","141","Central","18141",1
"","","","","","","","Scott County","","IN","","","","18143",0
"26900","","294","Indianapolis-Carmel-Greenwood, IN","Metropolitan Statistical Area","","Indianapolis-Carmel-Muncie, IN","Shelby County","Indiana","IN","18","145","Outlying","18145",1
"","","","","","","","Spencer County","","IN","","","","18147",0
"","","","","","","","Starke County","","IN","","","","18149",0
"11420","","258","Angola, IN","Micropolitan Statistical Area","","Fort Wayne-Huntington-Auburn, IN","Steuben County","Indiana","IN","18","151","Central","18151",1
"45460","","","Terre Haute, IN","Metropolitan Statistical Area","","","Sullivan County","Indiana","IN","18","153","Outlying","18153",1
"","","","","","","","Switzerland County","","IN","","","","18155",0
"29200","","320","Lafayette-West Lafayette, IN","Metropolitan Statistical Area","","Lafayette-West Lafayette-Frankfort, IN","Tippecanoe County","Indiana","IN","18","157","Central","18157",1
"26900","","294","Indianapolis-Carmel-Greenwood, IN","Metropolitan Statistical Area","","Indianapolis-Carmel-Muncie, IN","Tipton County","Indiana","IN","18","159","Outlying","18159",1
"","","","","","","","Union County","","IN","","","","18161",0
"21780","","241","Evansville, IN","Metropolitan Statistical Area","","Evansville-Henderson, IN-KY","Vanderburgh County","Indiana","IN","18","163","Central","18163",1
"45460","","","Terre Haute, IN","Metropolitan Statistical Area","","","Vermillion County","Indiana","IN","18","165","Outlying","18165",1
"45460","","","Terre Haute, IN","Metropolitan Statistical Area","","","Vigo County","Indiana","IN","18","167","Central","18167",1
"47340","","","Wabash, IN","Micropolitan Statistical Area","","","Wabash County","Indiana","IN","18","169","Central","18169",1
"29200","","320","Lafayette-West Lafayette, IN","Metropolitan Statistical Area","","Lafayette-West Lafayette-Frankfort, IN","Warren County","Indiana","IN","18","171","Outlying","18171",1
"21780","","241","Evansville, IN","Metropolitan Statistical Area","","Evansville-Henderson, IN-KY","Warrick County","Indiana","IN","18","173","Central","18173",1
"31140","","350","Louisville/Jefferson County, KY-IN","Metropolitan Statistical Area","","Louisville/Jefferson County--Elizabethtown, KY-IN","Washington County","Indiana","IN","18","175","Outlying","18175",1
"39980","","458","Richmond, IN","Micropolitan Statistical Area","","Richmond-Connersville, IN","Wayne County","Indiana","IN","18","177","Central","18177",1
"23060","","258","Fort Wayne, IN","Metropolitan Statistical Area","","Fort Wayne-Huntington-Auburn, IN","Wells County","Indiana","IN","18","179","Outlying","18179",1
"33900","","320","Monticello, IN","Micropolitan Statistical Area","","Lafayette-West Lafayette-Frankfort, IN","White County","Indiana","IN","18","181","Central","18181",1
"23060","","258","Fort Wayne, IN","Metropolitan Statistical Area","","Fort Wayne-Huntington-Auburn, IN","Whitley County","Indiana","IN","18","183","Outlying","18183",1
"","","","","","","","Adair County","","IA","","","","19001",0
"","","","","","","","Adams County","","IA","","","","19003",0
"","","","","","","","Allamakee County","","IA","","","","19005",0
"","","","","","","","Appanoose County","","IA","","","","19007",0
"","","","","","","","Audubon County","","IA","","","","19009",0
"16300","","168","Cedar Rapids, IA","Metropolitan Statistical Area","","Cedar Rapids-Iowa City, IA","Benton County","Iowa","IA","19","011","Outlying","19011",1
"47940","","","Waterloo-Cedar Falls, IA","Metropolitan Statistical Area","","","Black Hawk County","Iowa","IA","19","013","Central","19013",1
"11180","","218","Ames, IA","Metropolitan Statistical Area","","Des Moines-West Des Moines-Ames, IA","Boone County","Iowa","IA","19","015","Outlying","19015",1
"47940","","","Waterloo-Cedar Falls, IA","Metropolitan Statistical Area","","","Bremer County","Iowa","IA","19","017","Outlying","19017",1
"","","","","","","","Buchanan County","","IA","","","","19019",0
"44740","","","Storm Lake, IA","Micropolitan Statistical Area","","","Buena Vista County","Iowa","IA","19","021","Central","19021",1
"","","","","","","","Butler County","","IA","","","","19023",0
"","","","","","","","Calhoun County","","IA","","","","19025",0
"16140","","","Carroll, IA","Micropolitan Statistical Area","","","Carroll County","Iowa","IA","19","027","Central","19027",1
"","","","","","","","Cass County","","IA","","","","19029",0
"","","","","","","","Cedar County","","IA","","","","19031",0
"32380","","","Mason City, IA","Micropolitan Statistical Area","","","Cerro Gordo County","Iowa","IA","19","033","Central","19033",1
"","","","","","","","Cherokee County","","IA","","","","19035",0
"","","","","","","","Chickasaw County","","IA","","","","19037",0
"","","","","","","","Clarke County","","IA","","","","19039",0
"43980","","517","Spencer, IA","Micropolitan Statistical Area","","Spencer-Spirit Lake, IA","Clay County","Iowa","IA","19","041","Central","19041",1
"","","","","","","","Clayton County","","IA","","","","19043",0
"17540","","209","Clinton, IA","Micropolitan Statistical Area","","Davenport-Moline, IA-IL","Clinton County","Iowa","IA","19","045","Central","19045",1
"","","","","","","","Crawford County","","IA","","","","19047",0
"19780","","218","Des Moines-West Des Moines, IA","Metropolitan Statistical Area","","Des Moines-West Des Moines-Ames, IA","Dallas County","Iowa","IA","19","049","Central","19049",1
"","","","","","","","Davis County","","IA","","","","19051",0
"","","","","","","","Decatur County","","IA","","","","19053",0
"","","","","","","","Delaware County","","IA","","","","19055",0
"15460","","161","Burlington, IA-IL","Micropolitan Statistical Area","","Burlington-Fort Madison, IA-IL","Des Moines County","Iowa","IA","19","057","Central","19057",1
"44020","","517","Spirit Lake, IA","Micropolitan Statistical Area","","Spencer-Spirit Lake, IA","Dickinson County","Iowa","IA","19","059","Central","19059",1
"20220","","","Dubuque, IA","Metropolitan Statistical Area","","","Dubuque County","Iowa","IA","19","061","Central","19061",1
"","","","","","","","Emmet County","","IA","","","","19063",0
"","","","","","","","Fayette County","","IA","","","","19065",0
"","","","","","","","Floyd County","","IA","","","","19067",0
"","","","","","","","Franklin County","","IA","","","","19069",0
"","","","","","","","Fremont County","","IA","","","","19071",0
"","","","","","","","Greene County","","IA","","","","19073",0
"47940","","","Waterloo-Cedar Falls, IA","Metropolitan Statistical Area","","","Grundy County","Iowa","IA","19","075","Outlying","19075",1
"19780","","218","Des Moines-West Des Moines, IA","Metropolitan Statistical Area","","Des Moines-West Des Moines-Ames, IA","Guthrie County","Iowa","IA","19","077","Outlying","19077",1
"","","","","","","","Hamilton County","","IA","","","","19079",0
"","","","","","","","Hancock County","","IA","","","","19081",0
"","","","","","","","Hardin County","","IA","","","","19083",0
"36540","","420","Omaha, NE-IA","Metropolitan Statistical Area","","Omaha-Fremont, NE-IA","Harrison County","Iowa","IA","19","085","Outlying","19085",1
"","","","","","","","Henry County","","IA","","","","19087",0
"","","","","","","","Howard County","","IA","","","","19089",0
"","","","","","","","Humboldt County","","IA","","","","19091",0
"","","","","","","","Ida County","","IA","","","","19093",0
"","","","","","","","Iowa County","","IA","","","","19095",0
"","","","","","","","Jackson County","","IA","","","","19097",0
"19780","","218","Des Moines-West Des Moines, IA","Metropolitan Statistical Area","","Des Moines-West Des Moines-Ames, IA","Jasper County","Iowa","IA","19","099","Outlying","19099",1
"","","","","","","","Jefferson County","","IA","","","","19101",0
"26980","","168","Iowa City, IA","Metropolitan Statistical Area","","Cedar Rapids-Iowa City, IA","Johnson County","Iowa","IA","19","103","Central","19103",1
"16300","","168","Cedar Rapids, IA","Metropolitan Statistical Area","","Cedar Rapids-Iowa City, IA","Jones County","Iowa","IA","19","105","Outlying","19105",1
"","","","","","","","Keokuk County","","IA","","","","19107",0
"","","","","","","","Kossuth County","","IA","","","","19109",0
"22800","","161","Fort Madison, IA","Micropolitan Statistical Area","","Burlington-Fort Madison, IA-IL","Lee County","Iowa","IA","19","111","Central","19111",1
"16300","","168","Cedar Rapids, IA","Metropolitan Statistical Area","","Cedar Rapids-Iowa City, IA","Linn County","Iowa","IA","19","113","Central","19113",1
"","","","","","","","Louisa County","","IA","","","","19115",0
"","","","","","","","Lucas County","","IA","","","","19117",0
"","","","","","","","Lyon County","","IA","","","","19119",0
"19780","","218","Des Moines-West Des Moines, IA","Metropolitan Statistical Area","","Des Moines-West Des Moines-Ames, IA","Madison County","Iowa","IA","19","121","Outlying","19121",1
"36820","","218","Oskaloosa, IA","Micropolitan Statistical Area","","Des Moines-West Des Moines-Ames, IA","Mahaska County","Iowa","IA","19","123","Central","19123",1
"37800","","218","Pella, IA","Micropolitan Statistical Area","","Des Moines-West Des Moines-Ames, IA","Marion County","Iowa","IA","19","125","Central","19125",1
"32260","","","Marshalltown, IA","Micropolitan Statistical Area","","","Marshall County","Iowa","IA","19","127","Central","19127",1
"36540","","420","Omaha, NE-IA","Metropolitan Statistical Area","","Omaha-Fremont, NE-IA","Mills County","Iowa","IA","19","129","Outlying","19129",1
"","","","","","","","Mitchell County","","IA","","","","19131",0
"","","","","","","","Monona County","","IA","","","","19133",0
"","","","","","","","Monroe County","","IA","","","","19135",0
"","","","","","","","Montgomery County","","IA","","","","19137",0
"34700","","209","Muscatine, IA","Micropolitan Statistical Area","","Davenport-Moline, IA-IL","Muscatine County","Iowa","IA","19","139","Central","19139",1
"","","","","","","","O'Brien County","","IA","","","","19141",0
"","","","","","","","Osceola County","","IA","","","","19143",0
"","","","","","","","Page County","","IA","","","","19145",0
"","","","","","","","Palo Alto County","","IA","","","","19147",0
"30180","","512","Le Mars, IA","Micropolitan Statistical Area","","Sioux City-Le Mars, IA-NE-SD","Plymouth County","Iowa","IA","19","149","Central","19149",1
"","","","","","","","Pocahontas County","","IA","","","","19151",0
"19780","","218","Des Moines-West Des Moines, IA","Metropolitan Statistical Area","","Des Moines-West Des Moines-Ames, IA","Polk County","Iowa","IA","19","153","Central","19153",1
"36540","","420","Omaha, NE-IA","Metropolitan Statistical Area","","Omaha-Fremont, NE-IA","Pottawattamie County","Iowa","IA","19","155","Central","19155",1
"","","","","","","","Poweshiek County","","IA","","","","19157",0
"","","","","","","","Ringgold County","","IA","","","","19159",0
"","","","","","","","Sac County","","IA","","","","19161",0
"19340","","209","Davenport-Moline-Rock Island, IA-IL","Metropolitan Statistical Area","","Davenport-Moline, IA-IL","Scott County","Iowa","IA","19","163","Central","19163",1
"","","","","","","","Shelby County","","IA","","","","19165",0
"","","","","","","","Sioux County","","IA","","","","19167",0
"11180","","218","Ames, IA","Metropolitan Statistical Area","","Des Moines-West Des Moines-Ames, IA","Story County","Iowa","IA","19","169","Central","19169",1
"","","","","","","","Tama County","","IA","","","","19171",0
"","","","","","","","Taylor County","","IA","","","","19173",0
"","","","","","","","Union County","","IA","","","","19175",0
"","","","","","","","Van Buren County","","IA","","","","19177",0
"36900","","","Ottumwa, IA","Micropolitan Statistical Area","","","Wapello County","Iowa","IA","19","179","Central","19179",1
"19780","","218","Des Moines-West Des Moines, IA","Metropolitan Statistical Area","","Des Moines-West Des Moines-Ames, IA","Warren County","Iowa","IA","19","181","Outlying","19181",1
"26980","","168","Iowa City, IA","Metropolitan Statistical Area","","Cedar Rapids-Iowa City, IA","Washington County","Iowa","IA","19","183","Outlying","19183",1
"","","","","","","","Wayne County","","IA","","","","19185",0
"22700","","","Fort Dodge, IA","Micropolitan Statistical Area","","","Webster County","Iowa","IA","19","187","Central","19187",1
"","","","","","","","Winnebago County","","IA","","","","19189",0
"","","","","","","","Winneshiek County","","IA","","","","19191",0
"43580","","512","Sioux City, IA-NE-SD","Metropolitan Statistical Area","","Sioux City-Le Mars, IA-NE-SD","Woodbury County","Iowa","IA","19","193","Central","19193",1
"32380","","","Mason City, IA","Micropolitan Statistical Area","","","Worth County","Iowa","IA","19","195","Outlying","19195",1
"","","","","","","","Wright County","","IA","","","","19197",0
"","","","","","","","Allen County","","KS","","","","20001",0
"","","","","","","","Anderson County","","KS","","","","20003",0
"11860","","312","Atchison, KS","Micropolitan Statistical Area","","Kansas City-Overland Park-Kansas City, MO-KS","Atchison County","Kansas","KS","20","005","Central","20005",1
"","","","","","","","Barber County","","KS","","","","20007",0
"24460","","","Great Bend, KS","Micropolitan Statistical Area","","","Barton County","Kansas","KS","20","009","Central","20009",1
"","","","","","","","Bourbon County","","KS","","","","20011",0
"","","","","","","","Brown County","","KS","","","","20013",0
"48620","","556","Wichita, KS","Metropolitan Statistical Area","","Wichita-Arkansas City-Winfield, KS","Butler County","Kansas","KS","20","015","Central","20015",1
"21380","","","Emporia, KS","Micropolitan Statistical Area","","","Chase County","Kansas","KS","20","017","Outlying","20017",1
"","","","","","","","Chautauqua County","","KS","","","","20019",0
"27900","","309","Joplin, MO-KS","Metropolitan Statistical Area","","Joplin-Miami, MO-OK-KS","Cherokee County","Kansas","KS","20","021","Outlying","20021",1
"","","","","","","","Cheyenne County","","KS","","","","20023",0
"","","","","","","","Clark County","","KS","","","","20025",0
"","","","","","","","Clay County","","KS","","","","20027",0
"","","","","","","","Cloud County","","KS","","","","20029",0
"","","","","","","","Coffey County","","KS","","","","20031",0
"","","","","","","","Comanche County","","KS","","","","20033",0
"11680","","556","Arkansas City-Winfield, KS","Micropolitan Statistical Area","","Wichita-Arkansas City-Winfield, KS","Cowley County","Kansas","KS","20","035","Central","20035",1
"38260","","","Pittsburg, KS","Micropolitan Statistical Area","","","Crawford County","Kansas","KS","20","037","Central","20037",1
"","","","","","","","Decatur County","","KS","","","","20039",0
"","","","","","","","Dickinson County","","KS","","","","20041",0
"41140","","312","St. Joseph, MO-KS","Metropolitan Statistical Area","","Kansas City-Overland Park-Kansas City, MO-KS","Doniphan County","Kansas","KS","20","043","Outlying","20043",1
"29940","","312","Lawrence, KS","Metropolitan Statistical Area","","Kansas City-Overland Park-Kansas City, MO-KS","Douglas County","Kansas","KS","20","045","Central","20045",1
"","","","","","","","Edwards County","","KS","","","","20047",0
"","","","","","","","Elk County","","KS","","","","20049",0
"25700","","","Hays, KS","Micropolitan Statistical Area","","","Ellis County","Kansas","KS","20","051","Central","20051",1
"","","","","","","","Ellsworth County","","KS","","","","20053",0
"23780","","","Garden City, KS","Micropolitan Statistical Area","","","Finney County","Kansas","KS","20","055","Central","20055",1
"19980","","","Dodge City, KS","Micropolitan Statistical Area","","","Ford County","Kansas","KS","20","057","Central","20057",1
"36840","","312","Ottawa, KS","Micropolitan Statistical Area","","Kansas City-Overland Park-Kansas City, MO-KS","Franklin County","Kansas","KS","20","059","Central","20059",1
"31740","","","Manhattan, KS","Metropolitan Statistical Area","","","Geary County","Kansas","KS","20","061","Outlying","20061",1
"","","","","","","","Gove County","","KS","","","","20063",0
"","","","","","","","Graham County","","KS","","","","20065",0
"","","","","","","","Grant County","","KS","","","","20067",0
"","","","","","","","Gray County","","KS","","","","20069",0
"","","","","","","","Greeley County","","KS","","","","20071",0
"","","","","","","","Greenwood County","","KS","","","","20073",0
"","","","","","","","Hamilton County","","KS","","","","20075",0
"","","","","","","","Harper County","","KS","","","","20077",0
"48620","","556","Wichita, KS","Metropolitan Statistical Area","","Wichita-Arkansas City-Winfield, KS","Harvey County","Kansas","KS","20","079","Outlying","20079",1
"","","","","","","","Haskell County","","KS","","","","20081",0
"","","","","","","","Hodgeman County","","KS","","","","20083",0
"45820","","","Topeka, KS","Metropolitan Statistical Area","","","Jackson County","Kansas","KS","20","085","Outlying","20085",1
"45820","","","Topeka, KS","Metropolitan Statistical Area","","","Jefferson County","Kansas","KS","20","087","Outlying","20087",1
"","","","","","","","Jewell County","","KS","","","","20089",0
"28140","","312","Kansas City, MO-KS","Metropolitan Statistical Area","","Kansas City-Overland Park-Kansas City, MO-KS","Johnson County","Kansas","KS","20","091","Central","20091",1
"","","","","","","","Kearny County","","KS","","","","20093",0
"","","","","","","","Kingman County","","KS","","","","20095",0
"","","","","","","","Kiowa County","","KS","","","","20097",0
"","","","","","","","Labette County","","KS","","","","20099",0
"","","","","","","","Lane County","","KS","","","","20101",0
"28140","","312","Kansas City, MO-KS","Metropolitan Statistical Area","","Kansas City-Overland Park-Kansas City, MO-KS","Leavenworth County","Kansas","KS","20","103","Outlying","20103",1
"","","","","","","","Lincoln County","","KS","","","","20105",0
"28140","","312","Kansas City, MO-KS","Metropolitan Statistical Area","","Kansas City-Overland Park-Kansas City, MO-KS","Linn County","Kansas","KS","20","107","Outlying","20107",1
"","","","","","","","Logan County","","KS","","","","20109",0
"21380","","","Emporia, KS","Micropolitan Statistical Area","","","Lyon County","Kansas","KS","20","111","Central","20111",1
"32700","","","McPherson, KS","Micropolitan Statistical Area","","","McPherson County","Kansas","KS","20","113","Central","20113",1
"","","","","","","","Marion County","","KS","","","","20115",0
"","","","","","","","Marshall County","","KS","","","","20117",0
"","","","","","","","Meade County","","KS","","","","20119",0
"28140","","312","Kansas City, MO-KS","Metropolitan Statistical Area","","Kansas City-Overland Park-Kansas City, MO-KS","Miami County","Kansas","KS","20","121","Outlying","20121",1
"","","","","","","","Mitchell County","","KS","","","","20123",0
"","","","","","","","Montgomery County","","KS","","","","20125",0
"","","","","","","","Morris County","","KS","","","","20127",0
"","","","","","","","Morton County","","KS","","","","20129",0
"","","","","","","","Nemaha County","","KS","","","","20131",0
"","","","","","","","Neosho County","","KS","","","","20133",0
"","","","","","","","Ness County","","KS","","","","20135",0
"","","","","","","","Norton County","","KS","","","","20137",0
"45820","","","Topeka, KS","Metropolitan Statistical Area","","","Osage County","Kansas","KS","20","139","Outlying","20139",1
"","","","","","","","Osborne County","","KS","","","","20141",0
"41460","","","Salina, KS","Micropolitan Statistical Area","","","Ottawa County","Kansas","KS","20","143","Outlying","20143",1
"","","","","","","","Pawnee County","","KS","","","","20145",0
"","","","","","","","Phillips County","","KS","","","","20147",0
"31740","","","Manhattan, KS","Metropolitan Statistical Area","","","Pottawatomie County","Kansas","KS","20","149","Outlying","20149",1
"","","","","","","","Pratt County","","KS","","","","20151",0
"","","","","","","","Rawlins County","","KS","","","","20153",0
"26740","","","Hutchinson, KS","Micropolitan Statistical Area","","","Reno County","Kansas","KS","20","155","Central","20155",1
"","","","","","","","Republic County","","KS","","","","20157",0
"","","","","","","","Rice County","","KS","","","","20159",0
"31740","","","Manhattan, KS","Metropolitan Statistical Area","","","Riley County","Kansas","KS","20","161","Central","20161",1
"","","","","","","","Rooks County","","KS","","","","20163",0
"","","","","","","","Rush County","","KS","","","","20165",0
"","","","","","","","Russell County","","KS","","","","20167",0
"41460","","","Salina, KS","Micropolitan Statistical Area","","","Saline County","Kansas","KS","20","169","Central","20169",1
"","","","","","","","Scott County","","KS","","","","20171",0
"48620","","556","Wichita, KS","Metropolitan Statistical Area","","Wichita-Arkansas City-Winfield, KS","Sedgwick County","Kansas","KS","20","173","Central","20173",1
"30580","","","Liberal, KS","Micropolitan Statistical Area","","","Seward County","Kansas","KS","20","175","Central","20175",1
"45820","","","Topeka, KS","Metropolitan Statistical Area","","","Shawnee County","Kansas","KS","20","177","Central","20177",1
"","","","","","","","Sheridan County","","KS","","","","20179",0
"","","","","","","","Sherman County","","KS","","","","20181",0
"","","","","","","","Smith County","","KS","","","","20183",0
"","","","","","","","Stafford County","","KS","","","","20185",0
"","","","","","","","Stanton County","","KS","","","","20187",0
"","","","","","","","Stevens County","","KS","","","","20189",0
"48620","","556","Wichita, KS","Metropolitan Statistical Area","","Wichita-Arkansas City-Winfield, KS","Sumner County","Kansas","KS","20","191","Outlying","20191",1
"","","","","","","","Thomas County","","KS","","","","20193",0
"","","","","","","","Trego County","","KS","","","","20195",0
"45820","","","Topeka, KS","Metropolitan Statistical Area","","","Wabaunsee County","Kansas","KS","20","197","Outlying","20197",1
"","","","","","","","Wallace County","","KS","","","","20199",0
"","","","","","","","Washington County","","KS","","","","20201",0
"","","","","","","","Wichita County","","KS","","","","20203",0
"","","","","","","","Wilson County","","KS","","","","20205",0
"","","","","","","","Woodson County","","KS","","","","20207",0
"28140","","312","Kansas City, MO-KS","Metropolitan Statistical Area","","Kansas City-Overland Park-Kansas City, MO-KS","Wyandotte County","Kansas","KS","20","209","Central","20209",1
"","","","","","","","Adair County","","KY","","","","21001",0
"14540","","150","Bowling Green, KY","Metropolitan Statistical Area","","Bowling Green-Glasgow-Franklin, KY","Allen County","Kentucky","KY","21","003","Outlying","21003",1
"23180","","336","Frankfort, KY","Micropolitan Statistical Area","","Lexington-Fayette--Richmond--Frankfort, KY","Anderson County","Kentucky","KY","21","005","Outlying","21005",1
"37140","","424","Paducah, KY-IL","Metropolitan Statistical Area","","Paducah-Mayfield, KY-IL","Ballard County","Kentucky","KY","21","007","Outlying","21007",1
"23980","","150","Glasgow, KY","Micropolitan Statistical Area","","Bowling Green-Glasgow-Franklin, KY","Barren County","Kentucky","KY","21","009","Central","21009",1
"34460","","336","Mount Sterling, KY","Micropolitan Statistical Area","","Lexington-Fayette--Richmond--Frankfort, KY","Bath County","Kentucky","KY","21","011","Outlying","21011",1
"33180","","371","Middlesborough, KY","Micropolitan Statistical Area","","Middlesborough-Corbin, KY","Bell County","Kentucky","KY","21","013","Central","21013",1
"17140","","178","Cincinnati, OH-KY-IN","Metropolitan Statistical Area","","Cincinnati-Wilmington, OH-KY-IN","Boone County","Kentucky","KY","21","015","Central","21015",1
"30460","","336","Lexington-Fayette, KY","Metropolitan Statistical Area","","Lexington-Fayette--Richmond--Frankfort, KY","Bourbon County","Kentucky","KY","21","017","Outlying","21017",1
"26580","","170","Huntington-Ashland, WV-KY-OH","Metropolitan Statistical Area","","Charleston-Huntington-Ashland, WV-OH-KY","Boyd County","Kentucky","KY","21","019","Central","21019",1
"19220","","","Danville, KY","Micropolitan Statistical Area","","","Boyle County","Kentucky","KY","21","021","Central","21021",1
"17140","","178","Cincinnati, OH-KY-IN","Metropolitan Statistical Area","","Cincinnati-Wilmington, OH-KY-IN","Bracken County","Kentucky","KY","21","023","Outlying","21023",1
"","","","","","","","Breathitt County","","KY","","","","21025",0
"","","","","","","","Breckinridge County","","KY","","","","21027",0
"31140","","350","Louisville/Jefferson County, KY-IN","Metropolitan Statistical Area","","Louisville/Jefferson County--Elizabethtown, KY-IN","Bullitt County","Kentucky","KY","21","029","Central","21029",1
"14540","","150","Bowling Green, KY","Metropolitan Statistical Area","","Bowling Green-Glasgow-Franklin, KY","Butler County","Kentucky","KY","21","031","Outlying","21031",1
"","","","","","","","Caldwell County","","KY","","","","21033",0
"34660","","","Murray, KY","Micropolitan Statistical Area","","","Calloway County","Kentucky","KY","21","035","Central","21035",1
"17140","","178","Cincinnati, OH-KY-IN","Metropolitan Statistical Area","","Cincinnati-Wilmington, OH-KY-IN","Campbell County","Kentucky","KY","21","037","Central","21037",1
"37140","","424","Paducah, KY-IL","Metropolitan Statistical Area","","Paducah-Mayfield, KY-IL","Carlisle County","Kentucky","KY","21","039","Outlying","21039",1
"","","","","","","","Carroll County","","KY","","","","21041",0
"26580","","170","Huntington-Ashland, WV-KY-OH","Metropolitan Statistical Area","","Charleston-Huntington-Ashland, WV-OH-KY","Carter County","Kentucky","KY","21","043","Outlying","21043",1
"","","","","","","","Casey County","","KY","","","","21045",0
"17300","","","Clarksville, TN-KY","Metropolitan Statistical Area","","","Christian County","Kentucky","KY","21","047","Outlying","21047",1
"30460","","336","Lexington-Fayette, KY","Metropolitan Statistical Area","","Lexington-Fayette--Richmond--Frankfort, KY","Clark County","Kentucky","KY","21","049","Outlying","21049",1
"18340","","371","Corbin, KY","Micropolitan Statistical Area","","Middlesborough-Corbin, KY","Clay County","Kentucky","KY","21","051","Outlying","21051",1
"","","","","","","","Clinton County","","KY","","","","21053",0
"","","","","","","","Crittenden County","","KY","","","","21055",0
"","","","","","","","Cumberland County","","KY","","","","21057",0
"36980","","","Owensboro, KY","Metropolitan Statistical Area","","","Daviess County","Kentucky","KY","21","059","Central","21059",1
"14540","","150","Bowling Green, KY","Metropolitan Statistical Area","","Bowling Green-Glasgow-Franklin, KY","Edmonson County","Kentucky","KY","21","061","Outlying","21061",1
"","","","","","","","Elliott County","","KY","","","","21063",0
"40080","","336","Richmond-Berea, KY","Micropolitan Statistical Area","","Lexington-Fayette--Richmond--Frankfort, KY","Estill County","Kentucky","KY","21","065","Outlying","21065",1
"30460","","336","Lexington-Fayette, KY","Metropolitan Statistical Area","","Lexington-Fayette--Richmond--Frankfort, KY","Fayette County","Kentucky","KY","21","067","Central","21067",1
"","","","","","","","Fleming County","","KY","","","","21069",0
"38210","","","Pikeville, KY","Micropolitan Statistical Area","","","Floyd County","Kentucky","KY","21","071","Outlying","21071",1
"23180","","336","Frankfort, KY","Micropolitan Statistical Area","","Lexington-Fayette--Richmond--Frankfort, KY","Franklin County","Kentucky","KY","21","073","Central","21073",1
"","","","","","","","Fulton County","","KY","","","","21075",0
"17140","","178","Cincinnati, OH-KY-IN","Metropolitan Statistical Area","","Cincinnati-Wilmington, OH-KY-IN","Gallatin County","Kentucky","KY","21","077","Outlying","21077",1
"","","","","","","","Garrard County","","KY","","","","21079",0
"17140","","178","Cincinnati, OH-KY-IN","Metropolitan Statistical Area","","Cincinnati-Wilmington, OH-KY-IN","Grant County","Kentucky","KY","21","081","Outlying","21081",1
"32460","","424","Mayfield, KY","Micropolitan Statistical Area","","Paducah-Mayfield, KY-IL","Graves County","Kentucky","KY","21","083","Central","21083",1
"","","","","","","","Grayson County","","KY","","","","21085",0
"15820","","","Campbellsville, KY","Micropolitan Statistical Area","","","Green County","Kentucky","KY","21","087","Outlying","21087",1
"26580","","170","Huntington-Ashland, WV-KY-OH","Metropolitan Statistical Area","","Charleston-Huntington-Ashland, WV-OH-KY","Greenup County","Kentucky","KY","21","089","Central","21089",1
"","","","","","","","Hancock County","","KY","","","","21091",0
"21060","","350","Elizabethtown, KY","Metropolitan Statistical Area","","Louisville/Jefferson County--Elizabethtown, KY-IN","Hardin County","Kentucky","KY","21","093","Central","21093",1
"","","","","","","","Harlan County","","KY","","","","21095",0
"","","","","","","","Harrison County","","KY","","","","21097",0
"","","","","","","","Hart County","","KY","","","","21099",0
"25775","","241","Henderson, KY","Micropolitan Statistical Area","","Evansville-Henderson, IN-KY","Henderson County","Kentucky","KY","21","101","Central","21101",1
"31140","","350","Louisville/Jefferson County, KY-IN","Metropolitan Statistical Area","","Louisville/Jefferson County--Elizabethtown, KY-IN","Henry County","Kentucky","KY","21","103","Outlying","21103",1
"","","","","","","","Hickman County","","KY","","","","21105",0
"31580","","","Madisonville, KY","Micropolitan Statistical Area","","","Hopkins County","Kentucky","KY","21","107","Central","21107",1
"","","","","","","","Jackson County","","KY","","","","21109",0
"31140","","350","Louisville/Jefferson County, KY-IN","Metropolitan Statistical Area","","Louisville/Jefferson County--Elizabethtown, KY-IN","Jefferson County","Kentucky","KY","21","111","Central","21111",1
"30460","","336","Lexington-Fayette, KY","Metropolitan Statistical Area","","Lexington-Fayette--Richmond--Frankfort, KY","Jessamine County","Kentucky","KY","21","113","Outlying","21113",1
"","","","","","","","Johnson County","","KY","","","","21115",0
"17140","","178","Cincinnati, OH-KY-IN","Metropolitan Statistical Area","","Cincinnati-Wilmington, OH-KY-IN","Kenton County","Kentucky","KY","21","117","Central","21117",1
"","","","","","","","Knott County","","KY","","","","21119",0
"18340","","371","Corbin, KY","Micropolitan Statistical Area","","Middlesborough-Corbin, KY","Knox County","Kentucky","KY","21","121","Central","21121",1
"21060","","350","Elizabethtown, KY","Metropolitan Statistical Area","","Louisville/Jefferson County--Elizabethtown, KY-IN","Larue County","Kentucky","KY","21","123","Outlying","21123",1
"18340","","371","Corbin, KY","Micropolitan Statistical Area","","Middlesborough-Corbin, KY","Laurel County","Kentucky","KY","21","125","Central","21125",1
"26580","","170","Huntington-Ashland, WV-KY-OH","Metropolitan Statistical Area","","Charleston-Huntington-Ashland, WV-OH-KY","Lawrence County","Kentucky","KY","21","127","Outlying","21127",1
"","","","","","","","Lee County","","KY","","","","21129",0
"","","","","","","","Leslie County","","KY","","","","21131",0
"","","","","","","","Letcher County","","KY","","","","21133",0
"","","","","","","","Lewis County","","KY","","","","21135",0
"19220","","","Danville, KY","Micropolitan Statistical Area","","","Lincoln County","Kentucky","KY","21","137","Outlying","21137",1
"37140","","424","Paducah, KY-IL","Metropolitan Statistical Area","","Paducah-Mayfield, KY-IL","Livingston County","Kentucky","KY","21","139","Outlying","21139",1
"","","","","","","","Logan County","","KY","","","","21141",0
"","","","","","","","Lyon County","","KY","","","","21143",0
"37140","","424","Paducah, KY-IL","Metropolitan Statistical Area","","Paducah-Mayfield, KY-IL","McCracken County","Kentucky","KY","21","145","Central","21145",1
"","","","","","","","McCreary County","","KY","","","","21147",0
"36980","","","Owensboro, KY","Metropolitan Statistical Area","","","McLean County","Kentucky","KY","21","149","Outlying","21149",1
"40080","","336","Richmond-Berea, KY","Micropolitan Statistical Area","","Lexington-Fayette--Richmond--Frankfort, KY","Madison County","Kentucky","KY","21","151","Central","21151",1
"","","","","","","","Magoffin County","","KY","","","","21153",0
"","","","","","","","Marion County","","KY","","","","21155",0
"","","","","","","","Marshall County","","KY","","","","21157",0
"","","","","","","","Martin County","","KY","","","","21159",0
"","","","","","","","Mason County","","KY","","","","21161",0
"31140","","350","Louisville/Jefferson County, KY-IN","Metropolitan Statistical Area","","Louisville/Jefferson County--Elizabethtown, KY-IN","Meade County","Kentucky","KY","21","163","Outlying","21163",1
"34460","","336","Mount Sterling, KY","Micropolitan Statistical Area","","Lexington-Fayette--Richmond--Frankfort, KY","Menifee County","Kentucky","KY","21","165","Outlying","21165",1
"","","","","","","","Mercer County","","KY","","","","21167",0
"23980","","150","Glasgow, KY","Micropolitan Statistical Area","","Bowling Green-Glasgow-Franklin, KY","Metcalfe County","Kentucky","KY","21","169","Outlying","21169",1
"","","","","","","","Monroe County","","KY","","","","21171",0
"34460","","336","Mount Sterling, KY","Micropolitan Statistical Area","","Lexington-Fayette--Richmond--Frankfort, KY","Montgomery County","Kentucky","KY","21","173","Central","21173",1
"","","","","","","","Morgan County","","KY","","","","21175",0
"","","","","","","","Muhlenberg County","","KY","","","","21177",0
"31140","","350","Louisville/Jefferson County, KY-IN","Metropolitan Statistical Area","","Louisville/Jefferson County--Elizabethtown, KY-IN","Nelson County","Kentucky","KY","21","179","Outlying","21179",1
"","","","","","","","Nicholas County","","KY","","","","21181",0
"","","","","","","","Ohio County","","KY","","","","21183",0
"31140","","350","Louisville/Jefferson County, KY-IN","Metropolitan Statistical Area","","Louisville/Jefferson County--Elizabethtown, KY-IN","Oldham County","Kentucky","KY","21","185","Central","21185",1
"","","","","","","","Owen County","","KY","","","","21187",0
"","","","","","","","Owsley County","","KY","","","","21189",0
"17140","","178","Cincinnati, OH-KY-IN","Metropolitan Statistical Area","","Cincinnati-Wilmington, OH-KY-IN","Pendleton County","Kentucky","KY","21","191","Outlying","21191",1
"","","","","","","","Perry County","","KY","","","","21193",0
"38210","","","Pikeville, KY","Micropolitan Statistical Area","","","Pike County","Kentucky","KY","21","195","Central","21195",1
"","","","","","","","Powell County","","KY","","","","21197",0
"43700","","","Somerset, KY","Micropolitan Statistical Area","","","Pulaski County","Kentucky","KY","21","199","Central","21199",1
"","","","","","","","Robertson County","","KY","","","","21201",0
"40080","","336","Richmond-Berea, KY","Micropolitan Statistical Area","","Lexington-Fayette--Richmond--Frankfort, KY","Rockcastle County","Kentucky","KY","21","203","Outlying","21203",1
"","","","","","","","Rowan County","","KY","","","","21205",0
"","","","","","","","Russell County","","KY","","","","21207",0
"30460","","336","Lexington-Fayette, KY","Metropolitan Statistical Area","","Lexington-Fayette--Richmond--Frankfort, KY","Scott County","Kentucky","KY","21","209","Outlying","21209",1
"31140","","350","Louisville/Jefferson County, KY-IN","Metropolitan Statistical Area","","Louisville/Jefferson County--Elizabethtown, KY-IN","Shelby County","Kentucky","KY","21","211","Outlying","21211",1
"23190","","150","Franklin, KY","Micropolitan Statistical Area","","Bowling Green-Glasgow-Franklin, KY","Simpson County","Kentucky","KY","21","213","Central","21213",1
"31140","","350","Louisville/Jefferson County, KY-IN","Metropolitan Statistical Area","","Louisville/Jefferson County--Elizabethtown, KY-IN","Spencer County","Kentucky","KY","21","215","Outlying","21215",1
"15820","","","Campbellsville, KY","Micropolitan Statistical Area","","","Taylor County","Kentucky","KY","21","217","Central","21217",1
"","","","","","","","Todd County","","KY","","","","21219",0
"17300","","","Clarksville, TN-KY","Metropolitan Statistical Area","","","Trigg County","Kentucky","KY","21","221","Outlying","21221",1
"","","","","","","","Trimble County","","KY","","","","21223",0
"","","","","","","","Union County","","KY","","","","21225",0
"14540","","150","Bowling Green, KY","Metropolitan Statistical Area","","Bowling Green-Glasgow-Franklin, KY","Warren County","Kentucky","KY","21","227","Central","21227",1
"","","","","","","","Washington County","","KY","","","","21229",0
"","","","","","","","Wayne County","","KY","","","","21231",0
"25775","","241","Henderson, KY","Micropolitan Statistical Area","","Evansville-Henderson, IN-KY","Webster County","Kentucky","KY","21","233","Outlying","21233",1
"18340","","371","Corbin, KY","Micropolitan Statistical Area","","Middlesborough-Corbin, KY","Whitley County","Kentucky","KY","21","235","Central","21235",1
"","","","","","","","Wolfe County","","KY","","","","21237",0
"30460","","336","Lexington-Fayette, KY","Metropolitan Statistical Area","","Lexington-Fayette--Richmond--Frankfort, KY","Woodford County","Kentucky","KY","21","239","Outlying","21239",1
"29180","","318","Lafayette, LA","Metropolitan Statistical Area","","Lafayette-New Iberia-Opelousas, LA","Acadia Parish","Louisiana","LA","22","001","Outlying","22001",1
"","","","","","","","Allen Parish","","LA","","","","22003",0
"12940","","132","Baton Rouge, LA","Metropolitan Statistical Area","","Baton Rouge-Hammond, LA","Ascension Parish","Louisiana","LA","22","005","Central","22005",1
"12940","","132","Baton Rouge, LA","Metropolitan Statistical Area","","Baton Rouge-Hammond, LA","Assumption Parish","Louisiana","LA","22","007","Outlying","22007",1
"","","","","","","","Avoyelles Parish","","LA","","","","22009",0
"19760","","324","DeRidder, LA","Micropolitan Statistical Area","","Lake Charles-DeRidder, LA","Beauregard Parish","Louisiana","LA","22","011","Central","22011",1
"","","","","","","","Bienville Parish","","LA","","","","22013",0
"43340","","508","Shreveport-Bossier City, LA","Metropolitan Statistical Area","","Shreveport-Bossier City-Minden, LA","Bossier Parish","Louisiana","LA","22","015","Central","22015",1
"43340","","508","Shreveport-Bossier City, LA","Metropolitan Statistical Area","","Shreveport-Bossier City-Minden, LA","Caddo Parish","Louisiana","LA","22","017","Central","22017",1
"29340","","324","Lake Charles, LA","Metropolitan Statistical Area","","Lake Charles-DeRidder, LA","Calcasieu Parish","Louisiana","LA","22","019","Central","22019",1
"","","","","","","","Caldwell Parish","","LA","","","","22021",0
"29340","","324","Lake Charles, LA","Metropolitan Statistical Area","","Lake Charles-DeRidder, LA","Cameron Parish","Louisiana","LA","22","023","Outlying","22023",1
"","","","","","","","Catahoula Parish","","LA","","","","22025",0
"","","","","","","","Claiborne Parish","","LA","","","","22027",0
"35020","","","Natchez, MS-LA","Micropolitan Statistical Area","","","Concordia Parish","Louisiana","LA","22","029","Central","22029",1
"43340","","508","Shreveport-Bossier City, LA","Metropolitan Statistical Area","","Shreveport-Bossier City-Minden, LA","De Soto Parish","Louisiana","LA","22","031","Outlying","22031",1
"12940","","132","Baton Rouge, LA","Metropolitan Statistical Area","","Baton Rouge-Hammond, LA","East Baton Rouge Parish","Louisiana","LA","22","033","Central","22033",1
"","","","","","","","East Carroll Parish","","LA","","","","22035",0
"12940","","132","Baton Rouge, LA","Metropolitan Statistical Area","","Baton Rouge-Hammond, LA","East Feliciana Parish","Louisiana","LA","22","037","Outlying","22037",1
"","","","","","","","Evangeline Parish","","LA","","","","22039",0
"","","","","","","","Franklin Parish","","LA","","","","22041",0
"10780","","","Alexandria, LA","Metropolitan Statistical Area","","","Grant Parish","Louisiana","LA","22","043","Outlying","22043",1
"35340","","318","New Iberia, LA","Micropolitan Statistical Area","","Lafayette-New Iberia-Opelousas, LA","Iberia Parish","Louisiana","LA","22","045","Central","22045",1
"12940","","132","Baton Rouge, LA","Metropolitan Statistical Area","","Baton Rouge-Hammond, LA","Iberville Parish","Louisiana","LA","22","047","Central","22047",1
"","","","","","","","Jackson Parish","","LA","","","","22049",0
"35380","","406","New Orleans-Metairie, LA","Metropolitan Statistical Area","","New Orleans-Metairie-Slidell, LA-MS","Jefferson Parish","Louisiana","LA","22","051","Central","22051",1
"29340","","324","Lake Charles, LA","Metropolitan Statistical Area","","Lake Charles-DeRidder, LA","Jefferson Davis Parish","Louisiana","LA","22","053","Outlying","22053",1
"29180","","318","Lafayette, LA","Metropolitan Statistical Area","","Lafayette-New Iberia-Opelousas, LA","Lafayette Parish","Louisiana","LA","22","055","Central","22055",1
"26380","","","Houma-Bayou Cane-Thibodaux, LA","Metropolitan Statistical Area","","","Lafourche Parish","Louisiana","LA","22","057","Central","22057",1
"","","","","","","","LaSalle Parish","","LA","","","","22059",0
"40820","","384","Ruston, LA","Micropolitan Statistical Area","","Monroe-Ruston, LA","Lincoln Parish","Louisiana","LA","22","061","Central","22061",1
"12940","","132","Baton Rouge, LA","Metropolitan Statistical Area","","Baton Rouge-Hammond, LA","Livingston Parish","Louisiana","LA","22","063","Central","22063",1
"","","","","","","","Madison Parish","","LA","","","","22065",0
"33740","","384","Monroe, LA","Metropolitan Statistical Area","","Monroe-Ruston, LA","Morehouse Parish","Louisiana","LA","22","067","Outlying","22067",1
"35060","","","Natchitoches, LA","Micropolitan Statistical Area","","","Natchitoches Parish","Louisiana","LA","22","069","Central","22069",1
"35380","","406","New Orleans-Metairie, LA","Metropolitan Statistical Area","","New Orleans-Metairie-Slidell, LA-MS","Orleans Parish","Louisiana","LA","22","071","Central","22071",1
"33740","","384","Monroe, LA","Metropolitan Statistical Area","","Monroe-Ruston, LA","Ouachita Parish","Louisiana","LA","22","073","Central","22073",1
"35380","","406","New Orleans-Metairie, LA","Metropolitan Statistical Area","","New Orleans-Metairie-Slidell, LA-MS","Plaquemines Parish","Louisiana","LA","22","075","Central","22075",1
"12940","","132","Baton Rouge, LA","Metropolitan Statistical Area","","Baton Rouge-Hammond, LA","Pointe Coupee Parish","Louisiana","LA","22","077","Outlying","22077",1
"10780","","","Alexandria, LA","Metropolitan Statistical Area","","","Rapides Parish","Louisiana","LA","22","079","Central","22079",1
"","","","","","","","Red River Parish","","LA","","","","22081",0
"33740","","384","Monroe, LA","Metropolitan Statistical Area","","Monroe-Ruston, LA","Richland Parish","Louisiana","LA","22","083","Outlying","22083",1
"","","","","","","","Sabine Parish","","LA","","","","22085",0
"35380","","406","New Orleans-Metairie, LA","Metropolitan Statistical Area","","New Orleans-Metairie-Slidell, LA-MS","St. Bernard Parish","Louisiana","LA","22","087","Central","22087",1
"35380","","406","New Orleans-Metairie, LA","Metropolitan Statistical Area","","New Orleans-Metairie-Slidell, LA-MS","St. Charles Parish","Louisiana","LA","22","089","Central","22089",1
"12940","","132","Baton Rouge, LA","Metropolitan Statistical Area","","Baton Rouge-Hammond, LA","St. Helena Parish","Louisiana","LA","22","091","Outlying","22091",1
"35380","","406","New Orleans-Metairie, LA","Metropolitan Statistical Area","","New Orleans-Metairie-Slidell, LA-MS","St. James Parish","Louisiana","LA","22","093","Central","22093",1
"35380","","406","New Orleans-Metairie, LA","Metropolitan Statistical Area","","New Orleans-Metairie-Slidell, LA-MS","St. John the Baptist Parish","Louisiana","LA","22","095","Central","22095",1
"36660","","318","Opelousas, LA","Micropolitan Statistical Area","","Lafayette-New Iberia-Opelousas, LA","St. Landry Parish","Louisiana","LA","22","097","Central","22097",1
"29180","","318","Lafayette, LA","Metropolitan Statistical Area","","Lafayette-New Iberia-Opelousas, LA","St. Martin Parish","Louisiana","LA","22","099","Outlying","22099",1
"34020","","","Morgan City, LA","Micropolitan Statistical Area","","","St. Mary Parish","Louisiana","LA","22","101","Central","22101",1
"43640","","406","Slidell-Mandeville-Covington, LA","Metropolitan Statistical Area","","New Orleans-Metairie-Slidell, LA-MS","St. Tammany Parish","Louisiana","LA","22","103","Central","22103",1
"25220","","132","Hammond, LA","Metropolitan Statistical Area","","Baton Rouge-Hammond, LA","Tangipahoa Parish","Louisiana","LA","22","105","Central","22105",1
"","","","","","","","Tensas Parish","","LA","","","","22107",0
"26380","","","Houma-Bayou Cane-Thibodaux, LA","Metropolitan Statistical Area","","","Terrebonne Parish","Louisiana","LA","22","109","Central","22109",1
"33740","","384","Monroe, LA","Metropolitan Statistical Area","","Monroe-Ruston, LA","Union Parish","Louisiana","LA","22","111","Outlying","22111",1
"29180","","318","Lafayette, LA","Metropolitan Statistical Area","","Lafayette-New Iberia-Opelousas, LA","Vermilion Parish","Louisiana","LA","22","113","Outlying","22113",1
"","","","","","","","Vernon Parish","","LA","","","","22115",0
"14220","","406","Bogalusa, LA","Micropolitan Statistical Area","","New Orleans-Metairie-Slidell, LA-MS","Washington Parish","Louisiana","LA","22","117","Central","22117",1
"33380","","508","Minden, LA","Micropolitan Statistical Area","","Shreveport-Bossier City-Minden, LA","Webster Parish","Louisiana","LA","22","119","Central","22119",1
"12940","","132","Baton Rouge, LA","Metropolitan Statistical Area","","Baton Rouge-Hammond, LA","West Baton Rouge Parish","Louisiana","LA","22","121","Central","22121",1
"","","","","","","","West Carroll Parish","","LA","","","","22123",0
"12940","","132","Baton Rouge, LA","Metropolitan Statistical Area","","Baton Rouge-Hammond, LA","West Feliciana Parish","Louisiana","LA","22","125","Outlying","22125",1
"","","","","","","","Winn Parish","","LA","","","","22127",0
"30340","","438","Lewiston-Auburn, ME","Metropolitan Statistical Area","","Portland-Lewiston-South Portland, ME","Androscoggin County","Maine","ME","23","001","Central","23001",1
"","","","","","","","Aroostook County","","ME","","","","23003",0
"38860","","438","Portland-South Portland, ME","Metropolitan Statistical Area","","Portland-Lewiston-South Portland, ME","Cumberland County","Maine","ME","23","005","Central","23005",1
"","","","","","","","Franklin County","","ME","","","","23007",0
"","","","","","","","Hancock County","","ME","","","","23009",0
"12300","","","Augusta-Waterville, ME","Micropolitan Statistical Area","","","Kennebec County","Maine","ME","23","011","Central","23011",1
"","","","","","","","Knox County","","ME","","","","23013",0
"","","","","","","","Lincoln County","","ME","","","","23015",0
"","","","","","","","Oxford County","","ME","","","","23017",0
"12620","","","Bangor, ME","Metropolitan Statistical Area","","","Penobscot County","Maine","ME","23","019","Central","23019",1
"","","","","","","","Piscataquis County","","ME","","","","23021",0
"38860","","438","Portland-South Portland, ME","Metropolitan Statistical Area","","Portland-Lewiston-South Portland, ME","Sagadahoc County","Maine","ME","23","023","Outlying","23023",1
"","","","","","","","Somerset County","","ME","","","","23025",0
"","","","","","","","Waldo County","","ME","","","","23027",0
"","","","","","","","Washington County","","ME","","","","23029",0
"38860","","438","Portland-South Portland, ME","Metropolitan Statistical Area","","Portland-Lewiston-South Portland, ME","York County","Maine","ME","23","031","Central","23031",1
"19060","","","Cumberland, MD-WV","Micropolitan Statistical Area","","","Allegany County","Maryland","MD","24","001","Central","24001",1
"12580","","548","Baltimore-Columbia-Towson, MD","Metropolitan Statistical Area","","Washington-Baltimore-Arlington, DC-MD-VA-WV-PA","Anne Arundel County","Maryland","MD","24","003","Central","24003",1
"12580","","548","Baltimore-Columbia-Towson, MD","Metropolitan Statistical Area","","Washington-Baltimore-Arlington, DC-MD-VA-WV-PA","Baltimore County","Maryland","MD","24","005","Central","24005",1
"30500","","548","Lexington Park, MD","Metropolitan Statistical Area","","Washington-Baltimore-Arlington, DC-MD-VA-WV-PA","Calvert County","Maryland","MD","24","009","Central","24009",1
"","","","","","","","Caroline County","","MD","","","","24011",0
"12580","","548","Baltimore-Columbia-Towson, MD","Metropolitan Statistical Area","","Washington-Baltimore-Arlington, DC-MD-VA-WV-PA","Carroll County","Maryland","MD","24","013","Outlying","24013",1
"37980","48864","428","Philadelphia-Camden-Wilmington, PA-NJ-DE-MD","Metropolitan Statistical Area","Wilmington, DE-MD-NJ","Philadelphia-Reading-Camden, PA-NJ-DE-MD","Cecil County","Maryland","MD","24","015","Central","24015",1
"47900","47764","548","Washington-Arlington-Alexandria, DC-VA-MD-WV","Metropolitan Statistical Area","Washington, DC-MD","Washington-Baltimore-Arlington, DC-MD-VA-WV-PA","Charles County","Maryland","MD","24","017","Outlying","24017",1
"15700","","548","Cambridge, MD","Micropolitan Statistical Area","","Washington-Baltimore-Arlington, DC-MD-VA-WV-PA","Dorchester County","Maryland","MD","24","019","Central","24019",1
"47900","23224","548","Washington-Arlington-Alexandria, DC-VA-MD-WV","Metropolitan Statistical Area","Frederick-Gaithersburg-Bethesda, MD","Washington-Baltimore-Arlington, DC-MD-VA-WV-PA","Frederick County","Maryland","MD","24","021","Outlying","24021",1
"","","","","","","","Garrett County","","MD","","","","24023",0
"12580","","548","Baltimore-Columbia-Towson, MD","Metropolitan Statistical Area","","Washington-Baltimore-Arlington, DC-MD-VA-WV-PA","Harford County","Maryland","MD","24","025","Outlying","24025",1
"12580","","548","Baltimore-Columbia-Towson, MD","Metropolitan Statistical Area","","Washington-Baltimore-Arlington, DC-MD-VA-WV-PA","Howard County","Maryland","MD","24","027","Central","24027",1
"","","","","","","","Kent County","","MD","","","","24029",0
"47900","23224","548","Washington-Arlington-Alexandria, DC-VA-MD-WV","Metropolitan Statistical Area","Frederick-Gaithersburg-Bethesda, MD","Washington-Baltimore-Arlington, DC-MD-VA-WV-PA","Montgomery County","Maryland","MD","24","031","Central","24031",1
"47900","47764","548","Washington-Arlington-Alexandria, DC-VA-MD-WV","Metropolitan Statistical Area","Washington, DC-MD","Washington-Baltimore-Arlington, DC-MD-VA-WV-PA","Prince George's County","Maryland","MD","24","033","Central","24033",1
"12580","","548","Baltimore-Columbia-Towson, MD","Metropolitan Statistical Area","","Washington-Baltimore-Arlington, DC-MD-VA-WV-PA","Queen Anne's County","Maryland","MD","24","035","Outlying","24035",1
"30500","","548","Lexington Park, MD","Metropolitan Statistical Area","","Washington-Baltimore-Arlington, DC-MD-VA-WV-PA","St. Mary's County","Maryland","MD","24","037","Central","24037",1
"41540","","480","Salisbury, MD","Metropolitan Statistical Area","","Salisbury-Ocean Pines, MD","Somerset County","Maryland","MD","24","039","Outlying","24039",1
"20660","","548","Easton, MD","Micropolitan Statistical Area","","Washington-Baltimore-Arlington, DC-MD-VA-WV-PA","Talbot County","Maryland","MD","24","041","Central","24041",1
"25180","","548","Hagerstown-Martinsburg, MD-WV","Metropolitan Statistical Area","","Washington-Baltimore-Arlington, DC-MD-VA-WV-PA","Washington County","Maryland","MD","24","043","Central","24043",1
"41540","","480","Salisbury, MD","Metropolitan Statistical Area","","Salisbury-Ocean Pines, MD","Wicomico County","Maryland","MD","24","045","Central","24045",1
"36180","","480","Ocean Pines, MD","Micropolitan Statistical Area","","Salisbury-Ocean Pines, MD","Worcester County","Maryland","MD","24","047","Central","24047",1
"12580","","548","Baltimore-Columbia-Towson, MD","Metropolitan Statistical Area","","Washington-Baltimore-Arlington, DC-MD-VA-WV-PA","Baltimore city","Maryland","MD","24","510","Central","24510",1
"12700","","148","Barnstable Town, MA","Metropolitan Statistical Area","","Boston-Worcester-Providence, MA-RI-NH","Barnstable County","Massachusetts","MA","25","001","Central","25001",1
"38340","","","Pittsfield, MA","Metropolitan Statistical Area","","","Berkshire County","Massachusetts","MA","25","003","Central","25003",1
"39300","","148","Providence-Warwick, RI-MA","Metropolitan Statistical Area","","Boston-Worcester-Providence, MA-RI-NH","Bristol County","Massachusetts","MA","25","005","Central","25005",1
"47240","","","Vineyard Haven, MA","Micropolitan Statistical Area","","","Dukes County","Massachusetts","MA","25","007","Central","25007",1
"14460","15764","148","Boston-Cambridge-Newton, MA-NH","Metropolitan Statistical Area","Cambridge-Newton-Framingham, MA","Boston-Worcester-Providence, MA-RI-NH","Essex County","Massachusetts","MA","25","009","Central","25009",1
"24640","","521","Greenfield, MA","Micropolitan Statistical Area","","Springfield-Amherst Town-Northampton, MA","Franklin County","Massachusetts","MA","25","011","Central","25011",1
"44140","","521","Springfield, MA","Metropolitan Statistical Area","","Springfield-Amherst Town-Northampton, MA","Hampden County","Massachusetts","MA","25","013","Central","25013",1
"11200","","521","Amherst Town-Northampton, MA","Metropolitan Statistical Area","","Springfield-Amherst Town-Northampton, MA","Hampshire County","Massachusetts","MA","25","015","Central","25015",1
"14460","15764","148","Boston-Cambridge-Newton, MA-NH","Metropolitan Statistical Area","Cambridge-Newton-Framingham, MA","Boston-Worcester-Providence, MA-RI-NH","Middlesex County","Massachusetts","MA","25","017","Central","25017",1
"34880","","","Nantucket, MA","Micropolitan Statistical Area","","","Nantucket County","Massachusetts","MA","25","019","Central","25019",1
"14460","14454","148","Boston-Cambridge-Newton, MA-NH","Metropolitan Statistical Area","Boston, MA","Boston-Worcester-Providence, MA-RI-NH","Norfolk County","Massachusetts","MA","25","021","Central","25021",1
"14460","14454","148","Boston-Cambridge-Newton, MA-NH","Metropolitan Statistical Area","Boston, MA","Boston-Worcester-Providence, MA-RI-NH","Plymouth County","Massachusetts","MA","25","023","Central","25023",1
"14460","14454","148","Boston-Cambridge-Newton, MA-NH","Metropolitan Statistical Area","Boston, MA","Boston-Worcester-Providence, MA-RI-NH","Suffolk County","Massachusetts","MA","25","025","Central","25025",1
"49340","","148","Worcester, MA","Metropolitan Statistical Area","","Boston-Worcester-Providence, MA-RI-NH","Worcester County","Massachusetts","MA","25","027","Central","25027",1
"","","","","","","","Alcona County","","MI","","","","26001",0
"","","","","","","","Alger County","","MI","","","","26003",0
"26090","","266","Holland, MI","Micropolitan Statistical Area","","Grand Rapids-Wyoming, MI","Allegan County","Michigan","MI","26","005","Central","26005",1
"10980","","","Alpena, MI","Micropolitan Statistical Area","","","Alpena County","Michigan","MI","26","007","Central","26007",1
"","","","","","","","Antrim County","","MI","","","","26009",0
"","","","","","","","Arenac County","","MI","","","","26011",0
"","","","","","","","Baraga County","","MI","","","","26013",0
"24340","","266","Grand Rapids-Wyoming-Kentwood, MI","Metropolitan Statistical Area","","Grand Rapids-Wyoming, MI","Barry County","Michigan","MI","26","015","Outlying","26015",1
"13020","","474","Bay City, MI","Metropolitan Statistical Area","","Saginaw-Midland-Bay City, MI","Bay County","Michigan","MI","26","017","Central","26017",1
"45900","","","Traverse City, MI","Metropolitan Statistical Area","","","Benzie County","Michigan","MI","26","019","Outlying","26019",1
"35660","","515","Niles, MI","Metropolitan Statistical Area","","South Bend-Elkhart-Mishawaka, IN-MI","Berrien County","Michigan","MI","26","021","Central","26021",1
"17740","","","Coldwater, MI","Micropolitan Statistical Area","","","Branch County","Michigan","MI","26","023","Central","26023",1
"12980","","310","Battle Creek, MI","Metropolitan Statistical Area","","Kalamazoo-Battle Creek-Portage, MI","Calhoun County","Michigan","MI","26","025","Central","26025",1
"43780","","515","South Bend-Mishawaka, IN-MI","Metropolitan Statistical Area","","South Bend-Elkhart-Mishawaka, IN-MI","Cass County","Michigan","MI","26","027","Central","26027",1
"","","","","","","","Charlevoix County","","MI","","","","26029",0
"","","","","","","","Cheboygan County","","MI","","","","26031",0
"42300","","","Sault Ste. Marie, MI","Micropolitan Statistical Area","","","Chippewa County","Michigan","MI","26","033","Central","26033",1
"","","","","","","","Clare County","","MI","","","","26035",0
"29620","","330","Lansing-East Lansing, MI","Metropolitan Statistical Area","","Lansing-East Lansing-Owosso, MI","Clinton County","Michigan","MI","26","037","Central","26037",1
"","","","","","","","Crawford County","","MI","","","","26039",0
"21540","","","Escanaba, MI","Micropolitan Statistical Area","","","Delta County","Michigan","MI","26","041","Central","26041",1
"27020","","361","Iron Mountain, MI-WI","Micropolitan Statistical Area","","Marinette-Iron Mountain, WI-MI","Dickinson County","Michigan","MI","26","043","Central","26043",1
"29620","","330","Lansing-East Lansing, MI","Metropolitan Statistical Area","","Lansing-East Lansing-Owosso, MI","Eaton County","Michigan","MI","26","045","Central","26045",1
"37950","","","Petoskey, MI","Micropolitan Statistical Area","","","Emmet County","Michigan","MI","26","047","Central","26047",1
"22420","","220","Flint, MI","Metropolitan Statistical Area","","Detroit-Warren-Ann Arbor, MI","Genesee County","Michigan","MI","26","049","Central","26049",1
"","","","","","","","Gladwin County","","MI","","","","26051",0
"","","","","","","","Gogebic County","","MI","","","","26053",0
"45900","","","Traverse City, MI","Metropolitan Statistical Area","","","Grand Traverse County","Michigan","MI","26","055","Central","26055",1
"10940","","394","Alma, MI","Micropolitan Statistical Area","","Mount Pleasant-Alma, MI","Gratiot County","Michigan","MI","26","057","Central","26057",1
"25880","","","Hillsdale, MI","Micropolitan Statistical Area","","","Hillsdale County","Michigan","MI","26","059","Central","26059",1
"26340","","","Houghton, MI","Micropolitan Statistical Area","","","Houghton County","Michigan","MI","26","061","Central","26061",1
"","","","","","","","Huron County","","MI","","","","26063",0
"29620","","330","Lansing-East Lansing, MI","Metropolitan Statistical Area","","Lansing-East Lansing-Owosso, MI","Ingham County","Michigan","MI","26","065","Central","26065",1
"24340","","266","Grand Rapids-Wyoming-Kentwood, MI","Metropolitan Statistical Area","","Grand Rapids-Wyoming, MI","Ionia County","Michigan","MI","26","067","Outlying","26067",1
"","","","","","","","Iosco County","","MI","","","","26069",0
"","","","","","","","Iron County","","MI","","","","26071",0
"34380","","394","Mount Pleasant, MI","Micropolitan Statistical Area","","Mount Pleasant-Alma, MI","Isabella County","Michigan","MI","26","073","Central","26073",1
"27100","","","Jackson, MI","Metropolitan Statistical Area","","","Jackson County","Michigan","MI","26","075","Central","26075",1
"28020","","310","Kalamazoo-Portage, MI","Metropolitan Statistical Area","","Kalamazoo-Battle Creek-Portage, MI","Kalamazoo County","Michigan","MI","26","077","Central","26077",1
"45900","","","Traverse City, MI","Metropolitan Statistical Area","","","Kalkaska County","Michigan","MI","26","079","Outlying","26079",1
"24340","","266","Grand Rapids-Wyoming-Kentwood, MI","Metropolitan Statistical Area","","Grand Rapids-Wyoming, MI","Kent County","Michigan","MI","26","081","Central","26081",1
"26340","","","Houghton, MI","Micropolitan Statistical Area","","","Keweenaw County","Michigan","MI","26","083","Outlying","26083",1
"","","","","","","","Lake County","","MI","","","","26085",0
"19820","47664","220","Detroit-Warren-Dearborn, MI","Metropolitan Statistical Area","Warren-Troy-Farmington Hills, MI","Detroit-Warren-Ann Arbor, MI","Lapeer County","Michigan","MI","26","087","Outlying","26087",1
"45900","","","Traverse City, MI","Metropolitan Statistical Area","","","Leelanau County","Michigan","MI","26","089","Outlying","26089",1
"10300","","220","Adrian, MI","Micropolitan Statistical Area","","Detroit-Warren-Ann Arbor, MI","Lenawee County","Michigan","MI","26","091","Central","26091",1
"19820","47664","220","Detroit-Warren-Dearborn, MI","Metropolitan Statistical Area","Warren-Troy-Farmington Hills, MI","Detroit-Warren-Ann Arbor, MI","Livingston County","Michigan","MI","26","093","Outlying","26093",1
"","","","","","","","Luce County","","MI","","","","26095",0
"","","","","","","","Mackinac County","","MI","","","","26097",0
"19820","47664","220","Detroit-Warren-Dearborn, MI","Metropolitan Statistical Area","Warren-Troy-Farmington Hills, MI","Detroit-Warren-Ann Arbor, MI","Macomb County","Michigan","MI","26","099","Central","26099",1
"","","","","","","","Manistee County","","MI","","","","26101",0
"32100","","","Marquette, MI","Micropolitan Statistical Area","","","Marquette County","Michigan","MI","26","103","Central","26103",1
"31220","","","Ludington, MI","Micropolitan Statistical Area","","","Mason County","Michigan","MI","26","105","Central","26105",1
"13660","","266","Big Rapids, MI","Micropolitan Statistical Area","","Grand Rapids-Wyoming, MI","Mecosta County","Michigan","MI","26","107","Central","26107",1
"31940","","361","Marinette, WI-MI","Micropolitan Statistical Area","","Marinette-Iron Mountain, WI-MI","Menominee County","Michigan","MI","26","109","Central","26109",1
"33220","","474","Midland, MI","Metropolitan Statistical Area","","Saginaw-Midland-Bay City, MI","Midland County","Michigan","MI","26","111","Central","26111",1
"15620","","","Cadillac, MI","Micropolitan Statistical Area","","","Missaukee County","Michigan","MI","26","113","Outlying","26113",1
"33780","","220","Monroe, MI","Metropolitan Statistical Area","","Detroit-Warren-Ann Arbor, MI","Monroe County","Michigan","MI","26","115","Central","26115",1
"24340","","266","Grand Rapids-Wyoming-Kentwood, MI","Metropolitan Statistical Area","","Grand Rapids-Wyoming, MI","Montcalm County","Michigan","MI","26","117","Outlying","26117",1
"","","","","","","","Montmorency County","","MI","","","","26119",0
"34740","","266","Muskegon-Norton Shores, MI","Metropolitan Statistical Area","","Grand Rapids-Wyoming, MI","Muskegon County","Michigan","MI","26","121","Central","26121",1
"","","","","","","","Newaygo County","","MI","","","","26123",0
"19820","47664","220","Detroit-Warren-Dearborn, MI","Metropolitan Statistical Area","Warren-Troy-Farmington Hills, MI","Detroit-Warren-Ann Arbor, MI","Oakland County","Michigan","MI","26","125","Central","26125",1
"","","","","","","","Oceana County","","MI","","","","26127",0
"","","","","","","","Ogemaw County","","MI","","","","26129",0
"","","","","","","","Ontonagon County","","MI","","","","26131",0
"","","","","","","","Osceola County","","MI","","","","26133",0
"","","","","","","","Oscoda County","","MI","","","","26135",0
"","","","","","","","Otsego County","","MI","","","","26137",0
"24340","","266","Grand Rapids-Wyoming-Kentwood, MI","Metropolitan Statistical Area","","Grand Rapids-Wyoming, MI","Ottawa County","Michigan","MI","26","139","Outlying","26139",1
"","","","","","","","Presque Isle County","","MI","","","","26141",0
"","","","","","","","Roscommon County","","MI","","","","26143",0
"40980","","474","Saginaw, MI","Metropolitan Statistical Area","","Saginaw-Midland-Bay City, MI","Saginaw County","Michigan","MI","26","145","Central","26145",1
"19820","47664","220","Detroit-Warren-Dearborn, MI","Metropolitan Statistical Area","Warren-Troy-Farmington Hills, MI","Detroit-Warren-Ann Arbor, MI","St. Clair County","Michigan","MI","26","147","Outlying","26147",1
"44780","","310","Sturgis, MI","Micropolitan Statistical Area","","Kalamazoo-Battle Creek-Portage, MI","St. Joseph County","Michigan","MI","26","149","Central","26149",1
"","","","","","","","Sanilac County","","MI","","","","26151",0
"","","","","","","","Schoolcraft County","","MI","","","","26153",0
"37020","","330","Owosso, MI","Micropolitan Statistical Area","","Lansing-East Lansing-Owosso, MI","Shiawassee County","Michigan","MI","26","155","Central","26155",1
"","","","","","","","Tuscola County","","MI","","","","26157",0
"","","","","","","","Van Buren County","","MI","","","","26159",0
"11460","","220","Ann Arbor, MI","Metropolitan Statistical Area","","Detroit-Warren-Ann Arbor, MI","Washtenaw County","Michigan","MI","26","161","Central","26161",1
"19820","19804","220","Detroit-Warren-Dearborn, MI","Metropolitan Statistical Area","Detroit-Dearborn-Livonia, MI","Detroit-Warren-Ann Arbor, MI","Wayne County","Michigan","MI","26","163","Central","26163",1
"15620","","","Cadillac, MI","Micropolitan Statistical Area","","","Wexford County","Michigan","MI","26","165","Central","26165",1
"","","","","","","","Aitkin County","","MN","","","","27001",0
"33460","","378","Minneapolis-St. Paul-Bloomington, MN-WI","Metropolitan Statistical Area","","Minneapolis-St. Paul, MN-WI","Anoka County","Minnesota","MN","27","003","Central","27003",1
"19810","","","Detroit Lakes, MN","Micropolitan Statistical Area","","","Becker County","Minnesota","MN","27","005","Central","27005",1
"13420","","","Bemidji, MN","Micropolitan Statistical Area","","","Beltrami County","Minnesota","MN","27","007","Central","27007",1
"41060","","378","St. Cloud, MN","Metropolitan Statistical Area","","Minneapolis-St. Paul, MN-WI","Benton County","Minnesota","MN","27","009","Central","27009",1
"","","","","","","","Big Stone County","","MN","","","","27011",0
"31860","","359","Mankato, MN","Metropolitan Statistical Area","","Mankato-New Ulm, MN","Blue Earth County","Minnesota","MN","27","013","Central","27013",1
"35580","","359","New Ulm, MN","Micropolitan Statistical Area","","Mankato-New Ulm, MN","Brown County","Minnesota","MN","27","015","Central","27015",1
"20260","","228","Duluth, MN-WI","Metropolitan Statistical Area","","Duluth-Grand Rapids, MN-WI","Carlton County","Minnesota","MN","27","017","Outlying","27017",1
"33460","","378","Minneapolis-St. Paul-Bloomington, MN-WI","Metropolitan Statistical Area","","Minneapolis-St. Paul, MN-WI","Carver County","Minnesota","MN","27","019","Central","27019",1
"14660","","","Brainerd, MN","Micropolitan Statistical Area","","","Cass County","Minnesota","MN","27","021","Outlying","27021",1
"","","","","","","","Chippewa County","","MN","","","","27023",0
"33460","","378","Minneapolis-St. Paul-Bloomington, MN-WI","Metropolitan Statistical Area","","Minneapolis-St. Paul, MN-WI","Chisago County","Minnesota","MN","27","025","Outlying","27025",1
"22020","","244","Fargo, ND-MN","Metropolitan Statistical Area","","Fargo-Wahpeton, ND-MN","Clay County","Minnesota","MN","27","027","Central","27027",1
"","","","","","","","Clearwater County","","MN","","","","27029",0
"","","","","","","","Cook County","","MN","","","","27031",0
"","","","","","","","Cottonwood County","","MN","","","","27033",0
"14660","","","Brainerd, MN","Micropolitan Statistical Area","","","Crow Wing County","Minnesota","MN","27","035","Central","27035",1
"33460","","378","Minneapolis-St. Paul-Bloomington, MN-WI","Metropolitan Statistical Area","","Minneapolis-St. Paul, MN-WI","Dakota County","Minnesota","MN","27","037","Central","27037",1
"40340","","462","Rochester, MN","Metropolitan Statistical Area","","Rochester-Austin-Winona, MN","Dodge County","Minnesota","MN","27","039","Outlying","27039",1
"10820","","","Alexandria, MN","Micropolitan Statistical Area","","","Douglas County","Minnesota","MN","27","041","Central","27041",1
"","","","","","","","Faribault County","","MN","","","","27043",0
"40340","","462","Rochester, MN","Metropolitan Statistical Area","","Rochester-Austin-Winona, MN","Fillmore County","Minnesota","MN","27","045","Outlying","27045",1
"10660","","","Albert Lea, MN","Micropolitan Statistical Area","","","Freeborn County","Minnesota","MN","27","047","Central","27047",1
"39860","","378","Red Wing, MN","Micropolitan Statistical Area","","Minneapolis-St. Paul, MN-WI","Goodhue County","Minnesota","MN","27","049","Central","27049",1
"","","","","","","","Grant County","","MN","","","","27051",0
"33460","","378","Minneapolis-St. Paul-Bloomington, MN-WI","Metropolitan Statistical Area","","Minneapolis-St. Paul, MN-WI","Hennepin County","Minnesota","MN","27","053","Central","27053",1
"29100","","317","La Crosse-Onalaska, WI-MN","Metropolitan Statistical Area","","La Crosse-Onalaska-Sparta, WI-MN","Houston County","Minnesota","MN","27","055","Central","27055",1
"","","","","","","","Hubbard County","","MN","","","","27057",0
"33460","","378","Minneapolis-St. Paul-Bloomington, MN-WI","Metropolitan Statistical Area","","Minneapolis-St. Paul, MN-WI","Isanti County","Minnesota","MN","27","059","Outlying","27059",1
"24330","","228","Grand Rapids, MN","Micropolitan Statistical Area","","Duluth-Grand Rapids, MN-WI","Itasca County","Minnesota","MN","27","061","Central","27061",1
"","","","","","","","Jackson County","","MN","","","","27063",0
"","","","","","","","Kanabec County","","MN","","","","27065",0
"48820","","","Willmar, MN","Micropolitan Statistical Area","","","Kandiyohi County","Minnesota","MN","27","067","Central","27067",1
"","","","","","","","Kittson County","","MN","","","","27069",0
"","","","","","","","Koochiching County","","MN","","","","27071",0
"","","","","","","","Lac qui Parle County","","MN","","","","27073",0
"","","","","","","","Lake County","","MN","","","","27075",0
"","","","","","","","Lake of the Woods County","","MN","","","","27077",0
"33460","","378","Minneapolis-St. Paul-Bloomington, MN-WI","Metropolitan Statistical Area","","Minneapolis-St. Paul, MN-WI","Le Sueur County","Minnesota","MN","27","079","Outlying","27079",1
"","","","","","","","Lincoln County","","MN","","","","27081",0
"32140","","","Marshall, MN","Micropolitan Statistical Area","","","Lyon County","Minnesota","MN","27","083","Central","27083",1
"26780","","378","Hutchinson, MN","Micropolitan Statistical Area","","Minneapolis-St. Paul, MN-WI","McLeod County","Minnesota","MN","27","085","Central","27085",1
"","","","","","","","Mahnomen County","","MN","","","","27087",0
"","","","","","","","Marshall County","","MN","","","","27089",0
"21860","","","Fairmont, MN","Micropolitan Statistical Area","","","Martin County","Minnesota","MN","27","091","Central","27091",1
"","","","","","","","Meeker County","","MN","","","","27093",0
"33460","","378","Minneapolis-St. Paul-Bloomington, MN-WI","Metropolitan Statistical Area","","Minneapolis-St. Paul, MN-WI","Mille Lacs County","Minnesota","MN","27","095","Outlying","27095",1
"","","","","","","","Morrison County","","MN","","","","27097",0
"12380","","462","Austin, MN","Micropolitan Statistical Area","","Rochester-Austin-Winona, MN","Mower County","Minnesota","MN","27","099","Central","27099",1
"","","","","","","","Murray County","","MN","","","","27101",0
"31860","","359","Mankato, MN","Metropolitan Statistical Area","","Mankato-New Ulm, MN","Nicollet County","Minnesota","MN","27","103","Central","27103",1
"49380","","","Worthington, MN","Micropolitan Statistical Area","","","Nobles County","Minnesota","MN","27","105","Central","27105",1
"","","","","","","","Norman County","","MN","","","","27107",0
"40340","","462","Rochester, MN","Metropolitan Statistical Area","","Rochester-Austin-Winona, MN","Olmsted County","Minnesota","MN","27","109","Central","27109",1
"22260","","","Fergus Falls, MN","Micropolitan Statistical Area","","","Otter Tail County","Minnesota","MN","27","111","Central","27111",1
"","","","","","","","Pennington County","","MN","","","","27113",0
"","","","","","","","Pine County","","MN","","","","27115",0
"","","","","","","","Pipestone County","","MN","","","","27117",0
"24220","","","Grand Forks, ND-MN","Metropolitan Statistical Area","","","Polk County","Minnesota","MN","27","119","Central","27119",1
"","","","","","","","Pope County","","MN","","","","27121",0
"33460","","378","Minneapolis-St. Paul-Bloomington, MN-WI","Metropolitan Statistical Area","","Minneapolis-St. Paul, MN-WI","Ramsey County","Minnesota","MN","27","123","Central","27123",1
"","","","","","","","Red Lake County","","MN","","","","27125",0
"","","","","","","","Redwood County","","MN","","","","27127",0
"","","","","","","","Renville County","","MN","","","","27129",0
"22060","","378","Faribault-Northfield, MN","Micropolitan Statistical Area","","Minneapolis-St. Paul, MN-WI","Rice County","Minnesota","MN","27","131","Central","27131",1
"43620","","","Sioux Falls, SD-MN","Metropolitan Statistical Area","","","Rock County","Minnesota","MN","27","133","Outlying","27133",1
"","","","","","","","Roseau County","","MN","","","","27135",0
"20260","","228","Duluth, MN-WI","Metropolitan Statistical Area","","Duluth-Grand Rapids, MN-WI","St. Louis County","Minnesota","MN","27","137","Central","27137",1
"33460","","378","Minneapolis-St. Paul-Bloomington, MN-WI","Metropolitan Statistical Area","","Minneapolis-St. Paul, MN-WI","Scott County","Minnesota","MN","27","139","Central","27139",1
"33460","","378","Minneapolis-St. Paul-Bloomington, MN-WI","Metropolitan Statistical Area","","Minneapolis-St. Paul, MN-WI","Sherburne County","Minnesota","MN","27","141","Central","27141",1
"","","","","","","","Sibley County","","MN","","","","27143",0
"41060","","378","St. Cloud, MN","Metropolitan Statistical Area","","Minneapolis-St. Paul, MN-WI","Stearns County","Minnesota","MN","27","145","Central","27145",1
"36940","","378","Owatonna, MN","Micropolitan Statistical Area","","Minneapolis-St. Paul, MN-WI","Steele County","Minnesota","MN","27","147","Central","27147",1
"","","","","","","","Stevens County","","MN","","","","27149",0
"","","","","","","","Swift County","","MN","","","","27151",0
"","","","","","","","Todd County","","MN","","","","27153",0
"","","","","","","","Traverse County","","MN","","","","27155",0
"40340","","462","Rochester, MN","Metropolitan Statistical Area","","Rochester-Austin-Winona, MN","Wabasha County","Minnesota","MN","27","157","Outlying","27157",1
"","","","","","","","Wadena County","","MN","","","","27159",0
"","","","","","","","Waseca County","","MN","","","","27161",0
"33460","","378","Minneapolis-St. Paul-Bloomington, MN-WI","Metropolitan Statistical Area","","Minneapolis-St. Paul, MN-WI","Washington County","Minnesota","MN","27","163","Central","27163",1
"","","","","","","","Watonwan County","","MN","","","","27165",0
"47420","","244","Wahpeton, ND-MN","Micropolitan Statistical Area","","Fargo-Wahpeton, ND-MN","Wilkin County","Minnesota","MN","27","167","Central","27167",1
"49100","","462","Winona, MN","Micropolitan Statistical Area","","Rochester-Austin-Winona, MN","Winona County","Minnesota","MN","27","169","Central","27169",1
"33460","","378","Minneapolis-St. Paul-Bloomington, MN-WI","Metropolitan Statistical Area","","Minneapolis-St. Paul, MN-WI","Wright County","Minnesota","MN","27","171","Central","27171",1
"","","","","","","","Yellow Medicine County","","MN","","","","27173",0
"35020","","","Natchez, MS-LA","Micropolitan Statistical Area","","","Adams County","Mississippi","MS","28","001","Central","28001",1
"18420","","539","Corinth, MS","Micropolitan Statistical Area","","Tupelo-Corinth, MS","Alcorn County","Mississippi","MS","28","003","Central","28003",1
"","","","","","","","Amite County","","MS","","","","28005",0
"","","","","","","","Attala County","","MS","","","","28007",0
"32820","","368","Memphis, TN-MS-AR","Metropolitan Statistical Area","","Memphis-Clarksdale-Forrest City, TN-MS-AR","Benton County","Mississippi","MS","28","009","Outlying","28009",1
"17380","","","Cleveland, MS","Micropolitan Statistical Area","","","Bolivar County","Mississippi","MS","28","011","Central","28011",1
"","","","","","","","Calhoun County","","MS","","","","28013",0
"24900","","","Greenwood, MS","Micropolitan Statistical Area","","","Carroll County","Mississippi","MS","28","015","Outlying","28015",1
"","","","","","","","Chickasaw County","","MS","","","","28017",0
"","","","","","","","Choctaw County","","MS","","","","28019",0
"","","","","","","","Claiborne County","","MS","","","","28021",0
"32940","","","Meridian, MS","Micropolitan Statistical Area","","","Clarke County","Mississippi","MS","28","023","Outlying","28023",1
"","","","","","","","Clay County","","MS","","","","28025",0
"17260","","368","Clarksdale, MS","Micropolitan Statistical Area","","Memphis-Clarksdale-Forrest City, TN-MS-AR","Coahoma County","Mississippi","MS","28","027","Central","28027",1
"27140","","298","Jackson, MS","Metropolitan Statistical Area","","Jackson-Vicksburg-Brookhaven, MS","Copiah County","Mississippi","MS","28","029","Outlying","28029",1
"","","","","","","","Covington County","","MS","","","","28031",0
"32820","","368","Memphis, TN-MS-AR","Metropolitan Statistical Area","","Memphis-Clarksdale-Forrest City, TN-MS-AR","DeSoto County","Mississippi","MS","28","033","Central","28033",1
"25620","","279","Hattiesburg, MS","Metropolitan Statistical Area","","Hattiesburg-Laurel, MS","Forrest County","Mississippi","MS","28","035","Central","28035",1
"","","","","","","","Franklin County","","MS","","","","28037",0
"","","","","","","","George County","","MS","","","","28039",0
"","","","","","","","Greene County","","MS","","","","28041",0
"24980","","","Grenada, MS","Micropolitan Statistical Area","","","Grenada County","Mississippi","MS","28","043","Central","28043",1
"25060","","","Gulfport-Biloxi, MS","Metropolitan Statistical Area","","","Hancock County","Mississippi","MS","28","045","Central","28045",1
"25060","","","Gulfport-Biloxi, MS","Metropolitan Statistical Area","","","Harrison County","Mississippi","MS","28","047","Central","28047",1
"27140","","298","Jackson, MS","Metropolitan Statistical Area","","Jackson-Vicksburg-Brookhaven, MS","Hinds County","Mississippi","MS","28","049","Central","28049",1
"27140","","298","Jackson, MS","Metropolitan Statistical Area","","Jackson-Vicksburg-Brookhaven, MS","Holmes County","Mississippi","MS","28","051","Outlying","28051",1
"","","","","","","","Humphreys County","","MS","","","","28053",0
"","","","","","","","Issaquena County","","MS","","","","28055",0
"46180","","539","Tupelo, MS","Micropolitan Statistical Area","","Tupelo-Corinth, MS","Itawamba County","Mississippi","MS","28","057","Outlying","28057",1
"25060","","","Gulfport-Biloxi, MS","Metropolitan Statistical Area","","","Jackson County","Mississippi","MS","28","059","Outlying","28059",1
"29860","","279","Laurel, MS","Micropolitan Statistical Area","","Hattiesburg-Laurel, MS","Jasper County","Mississippi","MS","28","061","Outlying","28061",1
"35020","","","Natchez, MS-LA","Micropolitan Statistical Area","","","Jefferson County","Mississippi","MS","28","063","Outlying","28063",1
"","","","","","","","Jefferson Davis County","","MS","","","","28065",0
"29860","","279","Laurel, MS","Micropolitan Statistical Area","","Hattiesburg-Laurel, MS","Jones County","Mississippi","MS","28","067","Central","28067",1
"","","","","","","","Kemper County","","MS","","","","28069",0
"37060","","","Oxford, MS","Micropolitan Statistical Area","","","Lafayette County","Mississippi","MS","28","071","Central","28071",1
"25620","","279","Hattiesburg, MS","Metropolitan Statistical Area","","Hattiesburg-Laurel, MS","Lamar County","Mississippi","MS","28","073","Central","28073",1
"32940","","","Meridian, MS","Micropolitan Statistical Area","","","Lauderdale County","Mississippi","MS","28","075","Central","28075",1
"","","","","","","","Lawrence County","","MS","","","","28077",0
"","","","","","","","Leake County","","MS","","","","28079",0
"46180","","539","Tupelo, MS","Micropolitan Statistical Area","","Tupelo-Corinth, MS","Lee County","Mississippi","MS","28","081","Central","28081",1
"24900","","","Greenwood, MS","Micropolitan Statistical Area","","","Leflore County","Mississippi","MS","28","083","Central","28083",1
"15020","","298","Brookhaven, MS","Micropolitan Statistical Area","","Jackson-Vicksburg-Brookhaven, MS","Lincoln County","Mississippi","MS","28","085","Central","28085",1
"18060","","523","Columbus, MS","Micropolitan Statistical Area","","Starkville-Columbus, MS","Lowndes County","Mississippi","MS","28","087","Central","28087",1
"27140","","298","Jackson, MS","Metropolitan Statistical Area","","Jackson-Vicksburg-Brookhaven, MS","Madison County","Mississippi","MS","28","089","Central","28089",1
"","","","","","","","Marion County","","MS","","","","28091",0
"32820","","368","Memphis, TN-MS-AR","Metropolitan Statistical Area","","Memphis-Clarksdale-Forrest City, TN-MS-AR","Marshall County","Mississippi","MS","28","093","Outlying","28093",1
"","","","","","","","Monroe County","","MS","","","","28095",0
"24980","","","Grenada, MS","Micropolitan Statistical Area","","","Montgomery County","Mississippi","MS","28","097","Outlying","28097",1
"","","","","","","","Neshoba County","","MS","","","","28099",0
"","","","","","","","Newton County","","MS","","","","28101",0
"18060","","523","Columbus, MS","Micropolitan Statistical Area","","Starkville-Columbus, MS","Noxubee County","Mississippi","MS","28","103","Outlying","28103",1
"44260","","523","Starkville, MS","Micropolitan Statistical Area","","Starkville-Columbus, MS","Oktibbeha County","Mississippi","MS","28","105","Central","28105",1
"","","","","","","","Panola County","","MS","","","","28107",0
"38100","","406","Picayune, MS","Micropolitan Statistical Area","","New Orleans-Metairie-Slidell, LA-MS","Pearl River County","Mississippi","MS","28","109","Central","28109",1
"25620","","279","Hattiesburg, MS","Metropolitan Statistical Area","","Hattiesburg-Laurel, MS","Perry County","Mississippi","MS","28","111","Outlying","28111",1
"32620","","","McComb, MS","Micropolitan Statistical Area","","","Pike County","Mississippi","MS","28","113","Central","28113",1
"","","","","","","","Pontotoc County","","MS","","","","28115",0
"46180","","539","Tupelo, MS","Micropolitan Statistical Area","","Tupelo-Corinth, MS","Prentiss County","Mississippi","MS","28","117","Outlying","28117",1
"","","","","","","","Quitman County","","MS","","","","28119",0
"27140","","298","Jackson, MS","Metropolitan Statistical Area","","Jackson-Vicksburg-Brookhaven, MS","Rankin County","Mississippi","MS","28","121","Central","28121",1
"27140","","298","Jackson, MS","Metropolitan Statistical Area","","Jackson-Vicksburg-Brookhaven, MS","Scott County","Mississippi","MS","28","123","Outlying","28123",1
"","","","","","","","Sharkey County","","MS","","","","28125",0
"27140","","298","Jackson, MS","Metropolitan Statistical Area","","Jackson-Vicksburg-Brookhaven, MS","Simpson County","Mississippi","MS","28","127","Outlying","28127",1
"","","","","","","","Smith County","","MS","","","","28129",0
"25060","","","Gulfport-Biloxi, MS","Metropolitan Statistical Area","","","Stone County","Mississippi","MS","28","131","Outlying","28131",1
"","","","","","","","Sunflower County","","MS","","","","28133",0
"","","","","","","","Tallahatchie County","","MS","","","","28135",0
"32820","","368","Memphis, TN-MS-AR","Metropolitan Statistical Area","","Memphis-Clarksdale-Forrest City, TN-MS-AR","Tate County","Mississippi","MS","28","137","Outlying","28137",1
"","","","","","","","Tippah County","","MS","","","","28139",0
"","","","","","","","Tishomingo County","","MS","","","","28141",0
"32820","","368","Memphis, TN-MS-AR","Metropolitan Statistical Area","","Memphis-Clarksdale-Forrest City, TN-MS-AR","Tunica County","Mississippi","MS","28","143","Outlying","28143",1
"","","","","","","","Union County","","MS","","","","28145",0
"32620","","","McComb, MS","Micropolitan Statistical Area","","","Walthall County","Mississippi","MS","28","147","Outlying","28147",1
"46980","","298","Vicksburg, MS","Micropolitan Statistical Area","","Jackson-Vicksburg-Brookhaven, MS","Warren County","Mississippi","MS","28","149","Central","28149",1
"24740","","","Greenville, MS","Micropolitan Statistical Area","","","Washington County","Mississippi","MS","28","151","Central","28151",1
"","","","","","","","Wayne County","","MS","","","","28153",0
"44260","","523","Starkville, MS","Micropolitan Statistical Area","","Starkville-Columbus, MS","Webster County","Mississippi","MS","28","155","Outlying","28155",1
"","","","","","","","Wilkinson County","","MS","","","","28157",0
"","","","","","","","Winston County","","MS","","","","28159",0
"37060","","","Oxford, MS","Micropolitan Statistical Area","","","Yalobusha County","Mississippi","MS","28","161","Outlying","28161",1
"27140","","298","Jackson, MS","Metropolitan Statistical Area","","Jackson-Vicksburg-Brookhaven, MS","Yazoo County","Mississippi","MS","28","163","Outlying","28163",1
"28860","","","Kirksville, MO","Micropolitan Statistical Area","","","Adair County","Missouri","MO","29","001","Central","29001",1
"41140","","312","St. Joseph, MO-KS","Metropolitan Statistical Area","","Kansas City-Overland Park-Kansas City, MO-KS","Andrew County","Missouri","MO","29","003","Outlying","29003",1
"","","","","","","","Atchison County","","MO","","","","29005",0
"33020","","190","Mexico, MO","Micropolitan Statistical Area","","Columbia-Jefferson City-Moberly, MO","Audrain County","Missouri","MO","29","007","Central","29007",1
"","","","","","","","Barry County","","MO","","","","29009",0
"","","","","","","","Barton County","","MO","","","","29011",0
"28140","","312","Kansas City, MO-KS","Metropolitan Statistical Area","","Kansas City-Overland Park-Kansas City, MO-KS","Bates County","Missouri","MO","29","013","Outlying","29013",1
"","","","","","","","Benton County","","MO","","","","29015",0
"16020","","164","Cape Girardeau, MO-IL","Metropolitan Statistical Area","","Cape Girardeau-Sikeston, MO-IL","Bollinger County","Missouri","MO","29","017","Outlying","29017",1
"17860","","190","Columbia, MO","Metropolitan Statistical Area","","Columbia-Jefferson City-Moberly, MO","Boone County","Missouri","MO","29","019","Central","29019",1
"41140","","312","St. Joseph, MO-KS","Metropolitan Statistical Area","","Kansas City-Overland Park-Kansas City, MO-KS","Buchanan County","Missouri","MO","29","021","Central","29021",1
"38740","","","Poplar Bluff, MO","Micropolitan Statistical Area","","","Butler County","Missouri","MO","29","023","Central","29023",1
"28140","","312","Kansas City, MO-KS","Metropolitan Statistical Area","","Kansas City-Overland Park-Kansas City, MO-KS","Caldwell County","Missouri","MO","29","025","Outlying","29025",1
"27620","","190","Jefferson City, MO","Metropolitan Statistical Area","","Columbia-Jefferson City-Moberly, MO","Callaway County","Missouri","MO","29","027","Outlying","29027",1
"","","","","","","","Camden County","","MO","","","","29029",0
"16020","","164","Cape Girardeau, MO-IL","Metropolitan Statistical Area","","Cape Girardeau-Sikeston, MO-IL","Cape Girardeau County","Missouri","MO","29","031","Central","29031",1
"","","","","","","","Carroll County","","MO","","","","29033",0
"","","","","","","","Carter County","","MO","","","","29035",0
"28140","","312","Kansas City, MO-KS","Metropolitan Statistical Area","","Kansas City-Overland Park-Kansas City, MO-KS","Cass County","Missouri","MO","29","037","Central","29037",1
"","","","","","","","Cedar County","","MO","","","","29039",0
"","","","","","","","Chariton County","","MO","","","","29041",0
"44180","","","Springfield, MO","Metropolitan Statistical Area","","","Christian County","Missouri","MO","29","043","Central","29043",1
"","","","","","","","Clark County","","MO","","","","29045",0
"28140","","312","Kansas City, MO-KS","Metropolitan Statistical Area","","Kansas City-Overland Park-Kansas City, MO-KS","Clay County","Missouri","MO","29","047","Central","29047",1
"28140","","312","Kansas City, MO-KS","Metropolitan Statistical Area","","Kansas City-Overland Park-Kansas City, MO-KS","Clinton County","Missouri","MO","29","049","Outlying","29049",1
"27620","","190","Jefferson City, MO","Metropolitan Statistical Area","","Columbia-Jefferson City-Moberly, MO","Cole County","Missouri","MO","29","051","Central","29051",1
"17860","","190","Columbia, MO","Metropolitan Statistical Area","","Columbia-Jefferson City-Moberly, MO","Cooper County","Missouri","MO","29","053","Outlying","29053",1
"","","","","","","","Crawford County","","MO","","","","29055",0
"","","","","","","","Dade County","","MO","","","","29057",0
"44180","","","Springfield, MO","Metropolitan Statistical Area","","","Dallas County","Missouri","MO","29","059","Outlying","29059",1
"","","","","","","","Daviess County","","MO","","","","29061",0
"41140","","312","St. Joseph, MO-KS","Metropolitan Statistical Area","","Kansas City-Overland Park-Kansas City, MO-KS","DeKalb County","Missouri","MO","29","063","Outlying","29063",1
"","","","","","","","Dent County","","MO","","","","29065",0
"","","","","","","","Douglas County","","MO","","","","29067",0
"28380","","","Kennett, MO","Micropolitan Statistical Area","","","Dunklin County","Missouri","MO","29","069","Central","29069",1
"41180","","476","St. Louis, MO-IL","Metropolitan Statistical Area","","St. Louis-St. Charles-Farmington, MO-IL","Franklin County","Missouri","MO","29","071","Outlying","29071",1
"","","","","","","","Gasconade County","","MO","","","","29073",0
"","","","","","","","Gentry County","","MO","","","","29075",0
"44180","","","Springfield, MO","Metropolitan Statistical Area","","","Greene County","Missouri","MO","29","077","Central","29077",1
"","","","","","","","Grundy County","","MO","","","","29079",0
"","","","","","","","Harrison County","","MO","","","","29081",0
"","","","","","","","Henry County","","MO","","","","29083",0
"","","","","","","","Hickory County","","MO","","","","29085",0
"","","","","","","","Holt County","","MO","","","","29087",0
"17860","","190","Columbia, MO","Metropolitan Statistical Area","","Columbia-Jefferson City-Moberly, MO","Howard County","Missouri","MO","29","089","Outlying","29089",1
"48460","","","West Plains, MO","Micropolitan Statistical Area","","","Howell County","Missouri","MO","29","091","Central","29091",1
"","","","","","","","Iron County","","MO","","","","29093",0
"28140","","312","Kansas City, MO-KS","Metropolitan Statistical Area","","Kansas City-Overland Park-Kansas City, MO-KS","Jackson County","Missouri","MO","29","095","Central","29095",1
"27900","","309","Joplin, MO-KS","Metropolitan Statistical Area","","Joplin-Miami, MO-OK-KS","Jasper County","Missouri","MO","29","097","Central","29097",1
"41180","","476","St. Louis, MO-IL","Metropolitan Statistical Area","","St. Louis-St. Charles-Farmington, MO-IL","Jefferson County","Missouri","MO","29","099","Central","29099",1
"47660","","312","Warrensburg, MO","Micropolitan Statistical Area","","Kansas City-Overland Park-Kansas City, MO-KS","Johnson County","Missouri","MO","29","101","Central","29101",1
"","","","","","","","Knox County","","MO","","","","29103",0
"30060","","","Lebanon, MO","Micropolitan Statistical Area","","","Laclede County","Missouri","MO","29","105","Central","29105",1
"28140","","312","Kansas City, MO-KS","Metropolitan Statistical Area","","Kansas City-Overland Park-Kansas City, MO-KS","Lafayette County","Missouri","MO","29","107","Outlying","29107",1
"","","","","","","","Lawrence County","","MO","","","","29109",0
"39500","","448","Quincy, IL-MO","Micropolitan Statistical Area","","Quincy-Hannibal, IL-MO","Lewis County","Missouri","MO","29","111","Outlying","29111",1
"41180","","476","St. Louis, MO-IL","Metropolitan Statistical Area","","St. Louis-St. Charles-Farmington, MO-IL","Lincoln County","Missouri","MO","29","113","Outlying","29113",1
"","","","","","","","Linn County","","MO","","","","29115",0
"","","","","","","","Livingston County","","MO","","","","29117",0
"","","","","","","","McDonald County","","MO","","","","29119",0
"","","","","","","","Macon County","","MO","","","","29121",0
"","","","","","","","Madison County","","MO","","","","29123",0
"","","","","","","","Maries County","","MO","","","","29125",0
"25300","","448","Hannibal, MO","Micropolitan Statistical Area","","Quincy-Hannibal, IL-MO","Marion County","Missouri","MO","29","127","Central","29127",1
"","","","","","","","Mercer County","","MO","","","","29129",0
"","","","","","","","Miller County","","MO","","","","29131",0
"43460","","164","Sikeston, MO","Micropolitan Statistical Area","","Cape Girardeau-Sikeston, MO-IL","Mississippi County","Missouri","MO","29","133","Outlying","29133",1
"27620","","190","Jefferson City, MO","Metropolitan Statistical Area","","Columbia-Jefferson City-Moberly, MO","Moniteau County","Missouri","MO","29","135","Outlying","29135",1
"","","","","","","","Monroe County","","MO","","","","29137",0
"","","","","","","","Montgomery County","","MO","","","","29139",0
"","","","","","","","Morgan County","","MO","","","","29141",0
"","","","","","","","New Madrid County","","MO","","","","29143",0
"27900","","309","Joplin, MO-KS","Metropolitan Statistical Area","","Joplin-Miami, MO-OK-KS","Newton County","Missouri","MO","29","145","Outlying","29145",1
"32340","","","Maryville, MO","Micropolitan Statistical Area","","","Nodaway County","Missouri","MO","29","147","Central","29147",1
"","","","","","","","Oregon County","","MO","","","","29149",0
"27620","","190","Jefferson City, MO","Metropolitan Statistical Area","","Columbia-Jefferson City-Moberly, MO","Osage County","Missouri","MO","29","151","Outlying","29151",1
"","","","","","","","Ozark County","","MO","","","","29153",0
"","","","","","","","Pemiscot County","","MO","","","","29155",0
"","","","","","","","Perry County","","MO","","","","29157",0
"42740","","","Sedalia, MO","Micropolitan Statistical Area","","","Pettis County","Missouri","MO","29","159","Central","29159",1
"40620","","","Rolla, MO","Micropolitan Statistical Area","","","Phelps County","Missouri","MO","29","161","Central","29161",1
"","","","","","","","Pike County","","MO","","","","29163",0
"28140","","312","Kansas City, MO-KS","Metropolitan Statistical Area","","Kansas City-Overland Park-Kansas City, MO-KS","Platte County","Missouri","MO","29","165","Central","29165",1
"44180","","","Springfield, MO","Metropolitan Statistical Area","","","Polk County","Missouri","MO","29","167","Outlying","29167",1
"22780","","","Fort Leonard Wood, MO","Micropolitan Statistical Area","","","Pulaski County","Missouri","MO","29","169","Central","29169",1
"","","","","","","","Putnam County","","MO","","","","29171",0
"25300","","448","Hannibal, MO","Micropolitan Statistical Area","","Quincy-Hannibal, IL-MO","Ralls County","Missouri","MO","29","173","Outlying","29173",1
"33620","","190","Moberly, MO","Micropolitan Statistical Area","","Columbia-Jefferson City-Moberly, MO","Randolph County","Missouri","MO","29","175","Central","29175",1
"28140","","312","Kansas City, MO-KS","Metropolitan Statistical Area","","Kansas City-Overland Park-Kansas City, MO-KS","Ray County","Missouri","MO","29","177","Outlying","29177",1
"","","","","","","","Reynolds County","","MO","","","","29179",0
"","","","","","","","Ripley County","","MO","","","","29181",0
"41180","","476","St. Louis, MO-IL","Metropolitan Statistical Area","","St. Louis-St. Charles-Farmington, MO-IL","St. Charles County","Missouri","MO","29","183","Central","29183",1
"","","","","","","","St. Clair County","","MO","","","","29185",0
"","","","","","","","Ste. Genevieve County","","MO","","","","29186",0
"22100","","476","Farmington, MO","Micropolitan Statistical Area","","St. Louis-St. Charles-Farmington, MO-IL","St. Francois County","Missouri","MO","29","187","Central","29187",1
"41180","","476","St. Louis, MO-IL","Metropolitan Statistical Area","","St. Louis-St. Charles-Farmington, MO-IL","St. Louis County","Missouri","MO","29","189","Central","29189",1
"32180","","","Marshall, MO","Micropolitan Statistical Area","","","Saline County","Missouri","MO","29","195","Central","29195",1
"28860","","","Kirksville, MO","Micropolitan Statistical Area","","","Schuyler County","Missouri","MO","29","197","Outlying","29197",1
"","","","","","","","Scotland County","","MO","","","","29199",0
"43460","","164","Sikeston, MO","Micropolitan Statistical Area","","Cape Girardeau-Sikeston, MO-IL","Scott County","Missouri","MO","29","201","Central","29201",1
"","","","","","","","Shannon County","","MO","","","","29203",0
"","","","","","","","Shelby County","","MO","","","","29205",0
"","","","","","","","Stoddard County","","MO","","","","29207",0
"","","","","","","","Stone County","","MO","","","","29209",0
"","","","","","","","Sullivan County","","MO","","","","29211",0
"14700","","","Branson, MO","Micropolitan Statistical Area","","","Taney County","Missouri","MO","29","213","Central","29213",1
"","","","","","","","Texas County","","MO","","","","29215",0
"","","","","","","","Vernon County","","MO","","","","29217",0
"41180","","476","St. Louis, MO-IL","Metropolitan Statistical Area","","St. Louis-St. Charles-Farmington, MO-IL","Warren County","Missouri","MO","29","219","Outlying","29219",1
"","","","","","","","Washington County","","MO","","","","29221",0
"","","","","","","","Wayne County","","MO","","","","29223",0
"44180","","","Springfield, MO","Metropolitan Statistical Area","","","Webster County","Missouri","MO","29","225","Outlying","29225",1
"","","","","","","","Worth County","","MO","","","","29227",0
"","","","","","","","Wright County","","MO","","","","29229",0
"41180","","476","St. Louis, MO-IL","Metropolitan Statistical Area","","St. Louis-St. Charles-Farmington, MO-IL","St. Louis city","Missouri","MO","29","510","Central","29510",1
"","","","","","","","Beaverhead County","","MT","","","","30001",0
"","","","","","","","Big Horn County","","MT","","","","30003",0
"","","","","","","","Blaine County","","MT","","","","30005",0
"25740","","","Helena, MT","Metropolitan Statistical Area","","","Broadwater County","Montana","MT","30","007","Outlying","30007",1
"13740","","","Billings, MT","Metropolitan Statistical Area","","","Carbon County","Montana","MT","30","009","Outlying","30009",1
"","","","","","","","Carter County","","MT","","","","30011",0
"24500","","","Great Falls, MT","Metropolitan Statistical Area","","","Cascade County","Montana","MT","30","013","Central","30013",1
"","","","","","","","Chouteau County","","MT","","","","30015",0
"","","","","","","","Custer County","","MT","","","","30017",0
"","","","","","","","Daniels County","","MT","","","","30019",0
"","","","","","","","Dawson County","","MT","","","","30021",0
"","","","","","","","Deer Lodge County","","MT","","","","30023",0
"","","","","","","","Fallon County","","MT","","","","30025",0
"","","","","","","","Fergus County","","MT","","","","30027",0
"28060","","","Kalispell, MT","Micropolitan Statistical Area","","","Flathead County","Montana","MT","30","029","Central","30029",1
"14580","","","Bozeman, MT","Metropolitan Statistical Area","","","Gallatin County","Montana","MT","30","031","Central","30031",1
"","","","","","","","Garfield County","","MT","","","","30033",0
"","","","","","","","Glacier County","","MT","","","","30035",0
"","","","","","","","Golden Valley County","","MT","","","","30037",0
"","","","","","","","Granite County","","MT","","","","30039",0
"","","","","","","","Hill County","","MT","","","","30041",0
"25740","","","Helena, MT","Metropolitan Statistical Area","","","Jefferson County","Montana","MT","30","043","Outlying","30043",1
"","","","","","","","Judith Basin County","","MT","","","","30045",0
"","","","","","","","Lake County","","MT","","","","30047",0
"25740","","","Helena, MT","Metropolitan Statistical Area","","","Lewis and Clark County","Montana","MT","30","049","Central","30049",1
"","","","","","","","Liberty County","","MT","","","","30051",0
"","","","","","","","Lincoln County","","MT","","","","30053",0
"","","","","","","","McCone County","","MT","","","","30055",0
"","","","","","","","Madison County","","MT","","","","30057",0
"","","","","","","","Meagher County","","MT","","","","30059",0
"33540","","","Missoula, MT","Metropolitan Statistical Area","","","Mineral County","Montana","MT","30","061","Outlying","30061",1
"33540","","","Missoula, MT","Metropolitan Statistical Area","","","Missoula County","Montana","MT","30","063","Central","30063",1
"","","","","","","","Musselshell County","","MT","","","","30065",0
"","","","","","","","Park County","","MT","","","","30067",0
"","","","","","","","Petroleum County","","MT","","","","30069",0
"","","","","","","","Phillips County","","MT","","","","30071",0
"","","","","","","","Pondera County","","MT","","","","30073",0
"","","","","","","","Powder River County","","MT","","","","30075",0
"","","","","","","","Powell County","","MT","","","","30077",0
"","","","","","","","Prairie County","","MT","","","","30079",0
"","","","","","","","Ravalli County","","MT","","","","30081",0
"","","","","","","","Richland County","","MT","","","","30083",0
"","","","","","","","Roosevelt County","","MT","","","","30085",0
"","","","","","","","Rosebud County","","MT","","","","30087",0
"","","","","","","","Sanders County","","MT","","","","30089",0
"","","","","","","","Sheridan County","","MT","","","","30091",0
"15580","","","Butte-Silver Bow, MT","Micropolitan Statistical Area","","","Silver Bow County","Montana","MT","30","093","Central","30093",1
"13740","","","Billings, MT","Metropolitan Statistical Area","","","Stillwater County","Montana","MT","30","095","Outlying","30095",1
"","","","","","","","Sweet Grass County","","MT","","","","30097",0
"","","","","","","","Teton County","","MT","","","","30099",0
"","","","","","","","Toole County","","MT","","","","30101",0
"","","","","","","","Treasure County","","MT","","","","30103",0
"","","","","","","","Valley County","","MT","","","","30105",0
"","","","","","","","Wheatland County","","MT","","","","30107",0
"","","","","","","","Wibaux County","","MT","","","","30109",0
"13740","","","Billings, MT","Metropolitan Statistical Area","","","Yellowstone County","Montana","MT","30","111","Central","30111",1
"25580","","","Hastings, NE","Micropolitan Statistical Area","","","Adams County","Nebraska","NE","31","001","Central","31001",1
"","","","","","","","Antelope County","","NE","","","","31003",0
"","","","","","","","Arthur County","","NE","","","","31005",0
"42420","","","Scottsbluff, NE","Micropolitan Statistical Area","","","Banner County","Nebraska","NE","31","007","Outlying","31007",1
"","","","","","","","Blaine County","","NE","","","","31009",0
"","","","","","","","Boone County","","NE","","","","31011",0
"","","","","","","","Box Butte County","","NE","","","","31013",0
"","","","","","","","Boyd County","","NE","","","","31015",0
"","","","","","","","Brown County","","NE","","","","31017",0
"28260","","","Kearney, NE","Micropolitan Statistical Area","","","Buffalo County","Nebraska","NE","31","019","Central","31019",1
"","","","","","","","Burt County","","NE","","","","31021",0
"","","","","","","","Butler County","","NE","","","","31023",0
"36540","","420","Omaha, NE-IA","Metropolitan Statistical Area","","Omaha-Fremont, NE-IA","Cass County","Nebraska","NE","31","025","Outlying","31025",1
"","","","","","","","Cedar County","","NE","","","","31027",0
"","","","","","","","Chase County","","NE","","","","31029",0
"","","","","","","","Cherry County","","NE","","","","31031",0
"","","","","","","","Cheyenne County","","NE","","","","31033",0
"25580","","","Hastings, NE","Micropolitan Statistical Area","","","Clay County","Nebraska","NE","31","035","Outlying","31035",1
"18100","","","Columbus, NE","Micropolitan Statistical Area","","","Colfax County","Nebraska","NE","31","037","Outlying","31037",1
"","","","","","","","Cuming County","","NE","","","","31039",0
"","","","","","","","Custer County","","NE","","","","31041",0
"43580","","512","Sioux City, IA-NE-SD","Metropolitan Statistical Area","","Sioux City-Le Mars, IA-NE-SD","Dakota County","Nebraska","NE","31","043","Central","31043",1
"","","","","","","","Dawes County","","NE","","","","31045",0
"30420","","","Lexington, NE","Micropolitan Statistical Area","","","Dawson County","Nebraska","NE","31","047","Central","31047",1
"","","","","","","","Deuel County","","NE","","","","31049",0
"","","","","","","","Dixon County","","NE","","","","31051",0
"23340","","420","Fremont, NE","Micropolitan Statistical Area","","Omaha-Fremont, NE-IA","Dodge County","Nebraska","NE","31","053","Central","31053",1
"36540","","420","Omaha, NE-IA","Metropolitan Statistical Area","","Omaha-Fremont, NE-IA","Douglas County","Nebraska","NE","31","055","Central","31055",1
"","","","","","","","Dundy County","","NE","","","","31057",0
"","","","","","","","Fillmore County","","NE","","","","31059",0
"","","","","","","","Franklin County","","NE","","","","31061",0
"","","","","","","","Frontier County","","NE","","","","31063",0
"","","","","","","","Furnas County","","NE","","","","31065",0
"13100","","339","Beatrice, NE","Micropolitan Statistical Area","","Lincoln-Beatrice, NE","Gage County","Nebraska","NE","31","067","Central","31067",1
"","","","","","","","Garden County","","NE","","","","31069",0
"","","","","","","","Garfield County","","NE","","","","31071",0
"30420","","","Lexington, NE","Micropolitan Statistical Area","","","Gosper County","Nebraska","NE","31","073","Outlying","31073",1
"","","","","","","","Grant County","","NE","","","","31075",0
"","","","","","","","Greeley County","","NE","","","","31077",0
"24260","","","Grand Island, NE","Metropolitan Statistical Area","","","Hall County","Nebraska","NE","31","079","Central","31079",1
"","","","","","","","Hamilton County","","NE","","","","31081",0
"","","","","","","","Harlan County","","NE","","","","31083",0
"","","","","","","","Hayes County","","NE","","","","31085",0
"","","","","","","","Hitchcock County","","NE","","","","31087",0
"","","","","","","","Holt County","","NE","","","","31089",0
"","","","","","","","Hooker County","","NE","","","","31091",0
"24260","","","Grand Island, NE","Metropolitan Statistical Area","","","Howard County","Nebraska","NE","31","093","Outlying","31093",1
"","","","","","","","Jefferson County","","NE","","","","31095",0
"","","","","","","","Johnson County","","NE","","","","31097",0
"28260","","","Kearney, NE","Micropolitan Statistical Area","","","Kearney County","Nebraska","NE","31","099","Outlying","31099",1
"","","","","","","","Keith County","","NE","","","","31101",0
"","","","","","","","Keya Paha County","","NE","","","","31103",0
"","","","","","","","Kimball County","","NE","","","","31105",0
"","","","","","","","Knox County","","NE","","","","31107",0
"30700","","339","Lincoln, NE","Metropolitan Statistical Area","","Lincoln-Beatrice, NE","Lancaster County","Nebraska","NE","31","109","Central","31109",1
"35820","","","North Platte, NE","Micropolitan Statistical Area","","","Lincoln County","Nebraska","NE","31","111","Central","31111",1
"35820","","","North Platte, NE","Micropolitan Statistical Area","","","Logan County","Nebraska","NE","31","113","Outlying","31113",1
"","","","","","","","Loup County","","NE","","","","31115",0
"","","","","","","","McPherson County","","NE","","","","31117",0
"35740","","","Norfolk, NE","Micropolitan Statistical Area","","","Madison County","Nebraska","NE","31","119","Central","31119",1
"24260","","","Grand Island, NE","Metropolitan Statistical Area","","","Merrick County","Nebraska","NE","31","121","Outlying","31121",1
"","","","","","","","Morrill County","","NE","","","","31123",0
"","","","","","","","Nance County","","NE","","","","31125",0
"","","","","","","","Nemaha County","","NE","","","","31127",0
"","","","","","","","Nuckolls County","","NE","","","","31129",0
"","","","","","","","Otoe County","","NE","","","","31131",0
"","","","","","","","Pawnee County","","NE","","","","31133",0
"","","","","","","","Perkins County","","NE","","","","31135",0
"","","","","","","","Phelps County","","NE","","","","31137",0
"35740","","","Norfolk, NE","Micropolitan Statistical Area","","","Pierce County","Nebraska","NE","31","139","Outlying","31139",1
"18100","","","Columbus, NE","Micropolitan Statistical Area","","","Platte County","Nebraska","NE","31","141","Central","31141",1
"","","","","","","","Polk County","","NE","","","","31143",0
"","","","","","","","Red Willow County","","NE","","","","31145",0
"","","","","","","","Richardson County","","NE","","","","31147",0
"","","","","","","","Rock County","","NE","","","","31149",0
"","","","","","","","Saline County","","NE","","","","31151",0
"36540","","420","Omaha, NE-IA","Metropolitan Statistical Area","","Omaha-Fremont, NE-IA","Sarpy County","Nebraska","NE","31","153","Central","31153",1
"36540","","420","Omaha, NE-IA","Metropolitan Statistical Area","","Omaha-Fremont, NE-IA","Saunders County","Nebraska","NE","31","155","Outlying","31155",1
"42420","","","Scottsbluff, NE","Micropolitan Statistical Area","","","Scotts Bluff County","Nebraska","NE","31","157","Central","31157",1
"30700","","339","Lincoln, NE","Metropolitan Statistical Area","","Lincoln-Beatrice, NE","Seward County","Nebraska","NE","31","159","Outlying","31159",1
"","","","","","","","Sheridan County","","NE","","","","31161",0
"","","","","","","","Sherman County","","NE","","","","31163",0
"","","","","","","","Sioux County","","NE","","","","31165",0
"35740","","","Norfolk, NE","Micropolitan Statistical Area","","","Stanton County","Nebraska","NE","31","167","Outlying","31167",1
"","","","","","","","Thayer County","","NE","","","","31169",0
"","","","","","","","Thomas County","","NE","","","","31171",0
"","","","","","","","Thurston County","","NE","","","","31173",0
"","","","","","","","Valley County","","NE","","","","31175",0
"36540","","420","Omaha, NE-IA","Metropolitan Statistical Area","","Omaha-Fremont, NE-IA","Washington County","Nebraska","NE","31","177","Outlying","31177",1
"","","","","","","","Wayne County","","NE","","","","31179",0
"25580","","","Hastings, NE","Micropolitan Statistical Area","","","Webster County","Nebraska","NE","31","181","Outlying","31181",1
"","","","","","","","Wheeler County","","NE","","","","31183",0
"","","","","","","","York County","","NE","","","","31185",0
"21980","","456","Fallon, NV","Micropolitan Statistical Area","","Reno-Carson City-Gardnerville Ranchos, NV-CA","Churchill County","Nevada","NV","32","001","Central","32001",1
"29820","","332","Las Vegas-Henderson-North Las Vegas, NV","Metropolitan Statistical Area","","Las Vegas-Henderson, NV","Clark County","Nevada","NV","32","003","Central","32003",1
"23820","","456","Gardnerville Ranchos, NV-CA","Micropolitan Statistical Area","","Reno-Carson City-Gardnerville Ranchos, NV-CA","Douglas County","Nevada","NV","32","005","Central","32005",1
"21220","","","Elko, NV","Micropolitan Statistical Area","","","Elko County","Nevada","NV","32","007","Central","32007",1
"","","","","","","","Esmeralda County","","NV","","","","32009",0
"21220","","","Elko, NV","Micropolitan Statistical Area","","","Eureka County","Nevada","NV","32","011","Outlying","32011",1
"49080","","","Winnemucca, NV","Micropolitan Statistical Area","","","Humboldt County","Nevada","NV","32","013","Central","32013",1
"","","","","","","","Lander County","","NV","","","","32015",0
"","","","","","","","Lincoln County","","NV","","","","32017",0
"39900","","456","Reno, NV","Metropolitan Statistical Area","","Reno-Carson City-Gardnerville Ranchos, NV-CA","Lyon County","Nevada","NV","32","019","Outlying","32019",1
"","","","","","","","Mineral County","","NV","","","","32021",0
"37220","","332","Pahrump, NV","Micropolitan Statistical Area","","Las Vegas-Henderson, NV","Nye County","Nevada","NV","32","023","Central","32023",1
"","","","","","","","Pershing County","","NV","","","","32027",0
"39900","","456","Reno, NV","Metropolitan Statistical Area","","Reno-Carson City-Gardnerville Ranchos, NV-CA","Storey County","Nevada","NV","32","029","Outlying","32029",1
"39900","","456","Reno, NV","Metropolitan Statistical Area","","Reno-Carson City-Gardnerville Ranchos, NV-CA","Washoe County","Nevada","NV","32","031","Central","32031",1
"","","","","","","","White Pine County","","NV","","","","32033",0
"16180","","456","Carson City, NV","Metropolitan Statistical Area","","Reno-Carson City-Gardnerville Ranchos, NV-CA","Carson City","Nevada","NV","32","510","Central","32510",1
"29060","","148","Laconia, NH","Micropolitan Statistical Area","","Boston-Worcester-Providence, MA-RI-NH","Belknap County","New Hampshire","NH","33","001","Central","33001",1
"","","","","","","","Carroll County","","NH","","","","33003",0
"28300","","313","Keene, NH","Micropolitan Statistical Area","","Keene-Brattleboro, NH-VT","Cheshire County","New Hampshire","NH","33","005","Central","33005",1
"","","","","","","","Coos County","","NH","","","","33007",0
"30150","","","Lebanon-Claremont, NH-VT","Micropolitan Statistical Area","","","Grafton County","New Hampshire","NH","33","009","Central","33009",1
"31700","","148","Manchester-Nashua, NH","Metropolitan Statistical Area","","Boston-Worcester-Providence, MA-RI-NH","Hillsborough County","New Hampshire","NH","33","011","Central","33011",1
"18180","","148","Concord, NH","Micropolitan Statistical Area","","Boston-Worcester-Providence, MA-RI-NH","Merrimack County","New Hampshire","NH","33","013","Central","33013",1
"14460","40484","148","Boston-Cambridge-Newton, MA-NH","Metropolitan Statistical Area","Rockingham County-Strafford County, NH","Boston-Worcester-Providence, MA-RI-NH","Rockingham County","New Hampshire","NH","33","015","Central","33015",1
"14460","40484","148","Boston-Cambridge-Newton, MA-NH","Metropolitan Statistical Area","Rockingham County-Strafford County, NH","Boston-Worcester-Providence, MA-RI-NH","Strafford County","New Hampshire","NH","33","017","Outlying","33017",1
"30150","","","Lebanon-Claremont, NH-VT","Micropolitan Statistical Area","","","Sullivan County","New Hampshire","NH","33","019","Outlying","33019",1
"12100","","428","Atlantic City-Hammonton, NJ","Metropolitan Statistical Area","","Philadelphia-Reading-Camden, PA-NJ-DE-MD","Atlantic County","New Jersey","NJ","34","001","Central","34001",1
"35620","35614","408","New York-Newark-Jersey City, NY-NJ","Metropolitan Statistical Area","New York-Jersey City-White Plains, NY-NJ","New York-Newark, NY-NJ-CT-PA","Bergen County","New Jersey","NJ","34","003","Central","34003",1
"37980","15804","428","Philadelphia-Camden-Wilmington, PA-NJ-DE-MD","Metropolitan Statistical Area","Camden, NJ","Philadelphia-Reading-Camden, PA-NJ-DE-MD","Burlington County","New Jersey","NJ","34","005","Central","34005",1
"37980","15804","428","Philadelphia-Camden-Wilmington, PA-NJ-DE-MD","Metropolitan Statistical Area","Camden, NJ","Philadelphia-Reading-Camden, PA-NJ-DE-MD","Camden County","New Jersey","NJ","34","007","Central","34007",1
"12100","","428","Atlantic City-Hammonton, NJ","Metropolitan Statistical Area","","Philadelphia-Reading-Camden, PA-NJ-DE-MD","Cape May County","New Jersey","NJ","34","009","Central","34009",1
"47220","","428","Vineland, NJ","Metropolitan Statistical Area","","Philadelphia-Reading-Camden, PA-NJ-DE-MD","Cumberland County","New Jersey","NJ","34","011","Central","34011",1
"35620","35084","408","New York-Newark-Jersey City, NY-NJ","Metropolitan Statistical Area","Newark, NJ","New York-Newark, NY-NJ-CT-PA","Essex County","New Jersey","NJ","34","013","Central","34013",1
"37980","15804","428","Philadelphia-Camden-Wilmington, PA-NJ-DE-MD","Metropolitan Statistical Area","Camden, NJ","Philadelphia-Reading-Camden, PA-NJ-DE-MD","Gloucester County","New Jersey","NJ","34","015","Central","34015",1
"35620","35614","408","New York-Newark-Jersey City, NY-NJ","Metropolitan Statistical Area","New York-Jersey City-White Plains, NY-NJ","New York-Newark, NY-NJ-CT-PA","Hudson County","New Jersey","NJ","34","017","Central","34017",1
"35620","35084","408","New York-Newark-Jersey City, NY-NJ","Metropolitan Statistical Area","Newark, NJ","New York-Newark, NY-NJ-CT-PA","Hunterdon County","New Jersey","NJ","34","019","Outlying","34019",1
"45940","","408","Trenton-Princeton, NJ","Metropolitan Statistical Area","","New York-Newark, NY-NJ-CT-PA","Mercer County","New Jersey","NJ","34","021","Central","34021",1
"35620","29484","408","New York-Newark-Jersey City, NY-NJ","Metropolitan Statistical Area","Lakewood-New Brunswick, NJ","New York-Newark, NY-NJ-CT-PA","Middlesex County","New Jersey","NJ","34","023","Central","34023",1
"35620","29484","408","New York-Newark-Jersey City, NY-NJ","Metropolitan Statistical Area","Lakewood-New Brunswick, NJ","New York-Newark, NY-NJ-CT-PA","Monmouth County","New Jersey","NJ","34","025","Central","34025",1
"35620","35084","408","New York-Newark-Jersey City, NY-NJ","Metropolitan Statistical Area","Newark, NJ","New York-Newark, NY-NJ-CT-PA","Morris County","New Jersey","NJ","34","027","Central","34027",1
"35620","29484","408","New York-Newark-Jersey City, NY-NJ","Metropolitan Statistical Area","Lakewood-New Brunswick, NJ","New York-Newark, NY-NJ-CT-PA","Ocean County","New Jersey","NJ","34","029","Central","34029",1
"35620","35614","408","New York-Newark-Jersey City, NY-NJ","Metropolitan Statistical Area","New York-Jersey City-White Plains, NY-NJ","New York-Newark, NY-NJ-CT-PA","Passaic County","New Jersey","NJ","34","031","Central","34031",1
"37980","48864","428","Philadelphia-Camden-Wilmington, PA-NJ-DE-MD","Metropolitan Statistical Area","Wilmington, DE-MD-NJ","Philadelphia-Reading-Camden, PA-NJ-DE-MD","Salem County","New Jersey","NJ","34","033","Central","34033",1
"35620","29484","408","New York-Newark-Jersey City, NY-NJ","Metropolitan Statistical Area","Lakewood-New Brunswick, NJ","New York-Newark, NY-NJ-CT-PA","Somerset County","New Jersey","NJ","34","035","Central","34035",1
"35620","35084","408","New York-Newark-Jersey City, NY-NJ","Metropolitan Statistical Area","Newark, NJ","New York-Newark, NY-NJ-CT-PA","Sussex County","New Jersey","NJ","34","037","Outlying","34037",1
"35620","35084","408","New York-Newark-Jersey City, NY-NJ","Metropolitan Statistical Area","Newark, NJ","New York-Newark, NY-NJ-CT-PA","Union County","New Jersey","NJ","34","039","Central","34039",1
"10900","","106","Allentown-Bethlehem-Easton, PA-NJ","Metropolitan Statistical Area","","Allentown-Bethlehem-East Stroudsburg, PA-NJ","Warren County","New Jersey","NJ","34","041","Central","34041",1
"10740","","105","Albuquerque, NM","Metropolitan Statistical Area","","Albuquerque-Santa Fe-Los Alamos, NM","Bernalillo County","New Mexico","NM","35","001","Central","35001",1
"","","","","","","","Catron County","","NM","","","","35003",0
"40740","","","Roswell, NM","Micropolitan Statistical Area","","","Chaves County","New Mexico","NM","35","005","Central","35005",1
"","","","","","","","Cibola County","","NM","","","","35006",0
"","","","","","","","Colfax County","","NM","","","","35007",0
"17580","","","Clovis, NM","Micropolitan Statistical Area","","","Curry County","New Mexico","NM","35","009","Central","35009",1
"","","","","","","","De Baca County","","NM","","","","35011",0
"29740","","238","Las Cruces, NM","Metropolitan Statistical Area","","El Paso-Las Cruces, TX-NM","Doña Ana County","New Mexico","NM","35","013","Central","35013",1
"16100","","","Carlsbad-Artesia, NM","Micropolitan Statistical Area","","","Eddy County","New Mexico","NM","35","015","Central","35015",1
"43500","","","Silver City, NM","Micropolitan Statistical Area","","","Grant County","New Mexico","NM","35","017","Central","35017",1
"","","","","","","","Guadalupe County","","NM","","","","35019",0
"","","","","","","","Harding County","","NM","","","","35021",0
"","","","","","","","Hidalgo County","","NM","","","","35023",0
"26020","","","Hobbs, NM","Micropolitan Statistical Area","","","Lea County","New Mexico","NM","35","025","Central","35025",1
"40760","","","Ruidoso, NM","Micropolitan Statistical Area","","","Lincoln County","New Mexico","NM","35","027","Central","35027",1
"31060","","105","Los Alamos, NM","Micropolitan Statistical Area","","Albuquerque-Santa Fe-Los Alamos, NM","Los Alamos County","New Mexico","NM","35","028","Central","35028",1
"19700","","","Deming, NM","Micropolitan Statistical Area","","","Luna County","New Mexico","NM","35","029","Central","35029",1
"23700","","","Gallup, NM","Micropolitan Statistical Area","","","McKinley County","New Mexico","NM","35","031","Central","35031",1
"29780","","105","Las Vegas, NM","Micropolitan Statistical Area","","Albuquerque-Santa Fe-Los Alamos, NM","Mora County","New Mexico","NM","35","033","Outlying","35033",1
"10460","","","Alamogordo, NM","Micropolitan Statistical Area","","","Otero County","New Mexico","NM","35","035","Central","35035",1
"","","","","","","","Quay County","","NM","","","","35037",0
"21580","","105","Española, NM","Micropolitan Statistical Area","","Albuquerque-Santa Fe-Los Alamos, NM","Rio Arriba County","New Mexico","NM","35","039","Central","35039",1
"17580","","","Clovis, NM","Micropolitan Statistical Area","","","Roosevelt County","New Mexico","NM","35","041","Outlying","35041",1
"10740","","105","Albuquerque, NM","Metropolitan Statistical Area","","Albuquerque-Santa Fe-Los Alamos, NM","Sandoval County","New Mexico","NM","35","043","Central","35043",1
"22140","","","Farmington, NM","Metropolitan Statistical Area","","","San Juan County","New Mexico","NM","35","045","Central","35045",1
"29780","","105","Las Vegas, NM","Micropolitan Statistical Area","","Albuquerque-Santa Fe-Los Alamos, NM","San Miguel County","New Mexico","NM","35","047","Central","35047",1
"42140","","105","Santa Fe, NM","Metropolitan Statistical Area","","Albuquerque-Santa Fe-Los Alamos, NM","Santa Fe County","New Mexico","NM","35","049","Central","35049",1
"","","","","","","","Sierra County","","NM","","","","35051",0
"","","","","","","","Socorro County","","NM","","","","35053",0
"45340","","","Taos, NM","Micropolitan Statistical Area","","","Taos County","New Mexico","NM","35","055","Central","35055",1
"10740","","105","Albuquerque, NM","Metropolitan Statistical Area","","Albuquerque-Santa Fe-Los Alamos, NM","Torrance County","New Mexico","NM","35","057","Outlying","35057",1
"","","","","","","","Union County","","NM","","","","35059",0
"10740","","105","Albuquerque, NM","Metropolitan Statistical Area","","Albuquerque-Santa Fe-Los Alamos, NM","Valencia County","New Mexico","NM","35","061","Outlying","35061",1
"10580","","104","Albany-Schenectady-Troy, NY","Metropolitan Statistical Area","","Albany-Schenectady, NY","Albany County","New York","NY","36","001","Central","36001",1
"","","","","","","","Allegany County","","NY","","","","36003",0
"35620","35614","408","New York-Newark-Jersey City, NY-NJ","Metropolitan Statistical Area","New York-Jersey City-White Plains, NY-NJ","New York-Newark, NY-NJ-CT-PA","Bronx County","New York","NY","36","005","Central","36005",1
"13780","","","Binghamton, NY","Metropolitan Statistical Area","","","Broome County","New York","NY","36","007","Central","36007",1
"36460","","160","Olean, NY","Micropolitan Statistical Area","","Buffalo-Cheektowaga-Olean, NY","Cattaraugus County","New York","NY","36","009","Central","36009",1
"12180","","532","Auburn, NY","Micropolitan Statistical Area","","Syracuse-Auburn, NY","Cayuga County","New York","NY","36","011","Central","36011",1
"27460","","","Jamestown-Dunkirk, NY","Micropolitan Statistical Area","","","Chautauqua County","New York","NY","36","013","Central","36013",1
"21300","","236","Elmira, NY","Metropolitan Statistical Area","","Elmira-Corning, NY","Chemung County","New York","NY","36","015","Central","36015",1
"","","","","","","","Chenango County","","NY","","","","36017",0
"38460","","","Plattsburgh, NY","Micropolitan Statistical Area","","","Clinton County","New York","NY","36","019","Central","36019",1
"26460","","104","Hudson, NY","Micropolitan Statistical Area","","Albany-Schenectady, NY","Columbia County","New York","NY","36","021","Central","36021",1
"18660","","296","Cortland, NY","Micropolitan Statistical Area","","Ithaca-Cortland, NY","Cortland County","New York","NY","36","023","Central","36023",1
"","","","","","","","Delaware County","","NY","","","","36025",0
"28880","","408","Kiryas Joel-Poughkeepsie-Newburgh, NY","Metropolitan Statistical Area","","New York-Newark, NY-NJ-CT-PA","Dutchess County","New York","NY","36","027","Central","36027",1
"15380","","160","Buffalo-Cheektowaga, NY","Metropolitan Statistical Area","","Buffalo-Cheektowaga-Olean, NY","Erie County","New York","NY","36","029","Central","36029",1
"","","","","","","","Essex County","","NY","","","","36031",0
"","","","","","","","Franklin County","","NY","","","","36033",0
"24100","","104","Gloversville, NY","Micropolitan Statistical Area","","Albany-Schenectady, NY","Fulton County","New York","NY","36","035","Central","36035",1
"12860","","464","Batavia, NY","Micropolitan Statistical Area","","Rochester-Batavia-Seneca Falls, NY","Genesee County","New York","NY","36","037","Central","36037",1
"","","","","","","","Greene County","","NY","","","","36039",0
"","","","","","","","Hamilton County","","NY","","","","36041",0
"46540","","","Utica-Rome, NY","Metropolitan Statistical Area","","","Herkimer County","New York","NY","36","043","Outlying","36043",1
"48060","","","Watertown-Fort Drum, NY","Metropolitan Statistical Area","","","Jefferson County","New York","NY","36","045","Central","36045",1
"35620","35614","408","New York-Newark-Jersey City, NY-NJ","Metropolitan Statistical Area","New York-Jersey City-White Plains, NY-NJ","New York-Newark, NY-NJ-CT-PA","Kings County","New York","NY","36","047","Central","36047",1
"","","","","","","","Lewis County","","NY","","","","36049",0
"40380","","464","Rochester, NY","Metropolitan Statistical Area","","Rochester-Batavia-Seneca Falls, NY","Livingston County","New York","NY","36","051","Outlying","36051",1
"45060","","532","Syracuse, NY","Metropolitan Statistical Area","","Syracuse-Auburn, NY","Madison County","New York","NY","36","053","Outlying","36053",1
"40380","","464","Rochester, NY","Metropolitan Statistical Area","","Rochester-Batavia-Seneca Falls, NY","Monroe County","New York","NY","36","055","Central","36055",1
"11220","","104","Amsterdam, NY","Micropolitan Statistical Area","","Albany-Schenectady, NY","Montgomery County","New York","NY","36","057","Central","36057",1
"35620","35004","408","New York-Newark-Jersey City, NY-NJ","Metropolitan Statistical Area","Nassau County-Suffolk County, NY","New York-Newark, NY-NJ-CT-PA","Nassau County","New York","NY","36","059","Central","36059",1
"35620","35614","408","New York-Newark-Jersey City, NY-NJ","Metropolitan Statistical Area","New York-Jersey City-White Plains, NY-NJ","New York-Newark, NY-NJ-CT-PA","New York County","New York","NY","36","061","Central","36061",1
"15380","","160","Buffalo-Cheektowaga, NY","Metropolitan Statistical Area","","Buffalo-Cheektowaga-Olean, NY","Niagara County","New York","NY","36","063","Central","36063",1
"46540","","","Utica-Rome, NY","Metropolitan Statistical Area","","","Oneida County","New York","NY","36","065","Central","36065",1
"45060","","532","Syracuse, NY","Metropolitan Statistical Area","","Syracuse-Auburn, NY","Onondaga County","New York","NY","36","067","Central","36067",1
"40380","","464","Rochester, NY","Metropolitan Statistical Area","","Rochester-Batavia-Seneca Falls, NY","Ontario County","New York","NY","36","069","Central","36069",1
"28880","","408","Kiryas Joel-Poughkeepsie-Newburgh, NY","Metropolitan Statistical Area","","New York-Newark, NY-NJ-CT-PA","Orange County","New York","NY","36","071","Central","36071",1
"40380","","464","Rochester, NY","Metropolitan Statistical Area","","Rochester-Batavia-Seneca Falls, NY","Orleans County","New York","NY","36","073","Outlying","36073",1
"45060","","532","Syracuse, NY","Metropolitan Statistical Area","","Syracuse-Auburn, NY","Oswego County","New York","NY","36","075","Outlying","36075",1
"36580","","","Oneonta, NY","Micropolitan Statistical Area","","","Otsego County","New York","NY","36","077","Central","36077",1
"35620","35614","408","New York-Newark-Jersey City, NY-NJ","Metropolitan Statistical Area","New York-Jersey City-White Plains, NY-NJ","New York-Newark, NY-NJ-CT-PA","Putnam County","New York","NY","36","079","Central","36079",1
"35620","35614","408","New York-Newark-Jersey City, NY-NJ","Metropolitan Statistical Area","New York-Jersey City-White Plains, NY-NJ","New York-Newark, NY-NJ-CT-PA","Queens County","New York","NY","36","081","Central","36081",1
"10580","","104","Albany-Schenectady-Troy, NY","Metropolitan Statistical Area","","Albany-Schenectady, NY","Rensselaer County","New York","NY","36","083","Central","36083",1
"35620","35614","408","New York-Newark-Jersey City, NY-NJ","Metropolitan Statistical Area","New York-Jersey City-White Plains, NY-NJ","New York-Newark, NY-NJ-CT-PA","Richmond County","New York","NY","36","085","Central","36085",1
"35620","35614","408","New York-Newark-Jersey City, NY-NJ","Metropolitan Statistical Area","New York-Jersey City-White Plains, NY-NJ","New York-Newark, NY-NJ-CT-PA","Rockland County","New York","NY","36","087","Central","36087",1
"32390","","","Massena-Ogdensburg, NY","Micropolitan Statistical Area","","","St. Lawrence County","New York","NY","36","089","Central","36089",1
"10580","","104","Albany-Schenectady-Troy, NY","Metropolitan Statistical Area","","Albany-Schenectady, NY","Saratoga County","New York","NY","36","091","Outlying","36091",1
"10580","","104","Albany-Schenectady-Troy, NY","Metropolitan Statistical Area","","Albany-Schenectady, NY","Schenectady County","New York","NY","36","093","Central","36093",1
"10580","","104","Albany-Schenectady-Troy, NY","Metropolitan Statistical Area","","Albany-Schenectady, NY","Schoharie County","New York","NY","36","095","Outlying","36095",1
"","","","","","","","Schuyler County","","NY","","","","36097",0
"42900","","464","Seneca Falls, NY","Micropolitan Statistical Area","","Rochester-Batavia-Seneca Falls, NY","Seneca County","New York","NY","36","099","Central","36099",1
"18500","","236","Corning, NY","Micropolitan Statistical Area","","Elmira-Corning, NY","Steuben County","New York","NY","36","101","Central","36101",1
"35620","35004","408","New York-Newark-Jersey City, NY-NJ","Metropolitan Statistical Area","Nassau County-Suffolk County, NY","New York-Newark, NY-NJ-CT-PA","Suffolk County","New York","NY","36","103","Central","36103",1
"33910","","408","Monticello, NY","Micropolitan Statistical Area","","New York-Newark, NY-NJ-CT-PA","Sullivan County","New York","NY","36","105","Central","36105",1
"13780","","","Binghamton, NY","Metropolitan Statistical Area","","","Tioga County","New York","NY","36","107","Central","36107",1
"27060","","296","Ithaca, NY","Metropolitan Statistical Area","","Ithaca-Cortland, NY","Tompkins County","New York","NY","36","109","Central","36109",1
"28740","","408","Kingston, NY","Metropolitan Statistical Area","","New York-Newark, NY-NJ-CT-PA","Ulster County","New York","NY","36","111","Central","36111",1
"24020","","104","Glens Falls, NY","Metropolitan Statistical Area","","Albany-Schenectady, NY","Warren County","New York","NY","36","113","Central","36113",1
"24020","","104","Glens Falls, NY","Metropolitan Statistical Area","","Albany-Schenectady, NY","Washington County","New York","NY","36","115","Central","36115",1
"40380","","464","Rochester, NY","Metropolitan Statistical Area","","Rochester-Batavia-Seneca Falls, NY","Wayne County","New York","NY","36","117","Outlying","36117",1
"35620","35614","408","New York-Newark-Jersey City, NY-NJ","Metropolitan Statistical Area","New York-Jersey City-White Plains, NY-NJ","New York-Newark, NY-NJ-CT-PA","Westchester County","New York","NY","36","119","Central","36119",1
"","","","","","","","Wyoming County","","NY","","","","36121",0
"","","","","","","","Yates County","","NY","","","","36123",0
"15500","","268","Burlington, NC","Metropolitan Statistical Area","","Greensboro--Winston-Salem--High Point, NC","Alamance County","North Carolina","NC","37","001","Central","37001",1
"25860","","172","Hickory-Lenoir-Morganton, NC","Metropolitan Statistical Area","","Charlotte-Concord, NC-SC","Alexander County","North Carolina","NC","37","003","Outlying","37003",1
"","","","","","","","Alleghany County","","NC","","","","37005",0
"16740","","172","Charlotte-Concord-Gastonia, NC-SC","Metropolitan Statistical Area","","Charlotte-Concord, NC-SC","Anson County","North Carolina","NC","37","007","Outlying","37007",1
"","","","","","","","Ashe County","","NC","","","","37009",0
"","","","","","","","Avery County","","NC","","","","37011",0
"47820","","274","Washington, NC","Micropolitan Statistical Area","","Greenville-Washington, NC","Beaufort County","North Carolina","NC","37","013","Central","37013",1
"","","","","","","","Bertie County","","NC","","","","37015",0
"","","","","","","","Bladen County","","NC","","","","37017",0
"48900","","","Wilmington, NC","Metropolitan Statistical Area","","","Brunswick County","North Carolina","NC","37","019","Central","37019",1
"11700","","120","Asheville, NC","Metropolitan Statistical Area","","Asheville-Waynesville-Brevard, NC","Buncombe County","North Carolina","NC","37","021","Central","37021",1
"25860","","172","Hickory-Lenoir-Morganton, NC","Metropolitan Statistical Area","","Charlotte-Concord, NC-SC","Burke County","North Carolina","NC","37","023","Central","37023",1
"16740","","172","Charlotte-Concord-Gastonia, NC-SC","Metropolitan Statistical Area","","Charlotte-Concord, NC-SC","Cabarrus County","North Carolina","NC","37","025","Outlying","37025",1
"25860","","172","Hickory-Lenoir-Morganton, NC","Metropolitan Statistical Area","","Charlotte-Concord, NC-SC","Caldwell County","North Carolina","NC","37","027","Central","37027",1
"47260","","545","Virginia Beach-Chesapeake-Norfolk, VA-NC","Metropolitan Statistical Area","","Virginia Beach-Chesapeake, VA-NC","Camden County","North Carolina","NC","37","029","Outlying","37029",1
"33980","","404","Morehead City, NC","Micropolitan Statistical Area","","New Bern-Morehead City, NC","Carteret County","North Carolina","NC","37","031","Central","37031",1
"","","","","","","","Caswell County","","NC","","","","37033",0
"25860","","172","Hickory-Lenoir-Morganton, NC","Metropolitan Statistical Area","","Charlotte-Concord, NC-SC","Catawba County","North Carolina","NC","37","035","Central","37035",1
"20500","","450","Durham-Chapel Hill, NC","Metropolitan Statistical Area","","Raleigh-Durham-Cary, NC","Chatham County","North Carolina","NC","37","037","Central","37037",1
"","","","","","","","Cherokee County","","NC","","","","37039",0
"","","","","","","","Chowan County","","NC","","","","37041",0
"","","","","","","","Clay County","","NC","","","","37043",0
"43140","","172","Shelby-Kings Mountain, NC","Micropolitan Statistical Area","","Charlotte-Concord, NC-SC","Cleveland County","North Carolina","NC","37","045","Central","37045",1
"","","","","","","","Columbus County","","NC","","","","37047",0
"35100","","404","New Bern, NC","Micropolitan Statistical Area","","New Bern-Morehead City, NC","Craven County","North Carolina","NC","37","049","Central","37049",1
"22180","","246","Fayetteville, NC","Metropolitan Statistical Area","","Fayetteville-Lumberton-Pinehurst, NC","Cumberland County","North Carolina","NC","37","051","Central","37051",1
"47260","","545","Virginia Beach-Chesapeake-Norfolk, VA-NC","Metropolitan Statistical Area","","Virginia Beach-Chesapeake, VA-NC","Currituck County","North Carolina","NC","37","053","Outlying","37053",1
"28620","","545","Kill Devil Hills, NC","Micropolitan Statistical Area","","Virginia Beach-Chesapeake, VA-NC","Dare County","North Carolina","NC","37","055","Central","37055",1
"49180","","268","Winston-Salem, NC","Metropolitan Statistical Area","","Greensboro--Winston-Salem--High Point, NC","Davidson County","North Carolina","NC","37","057","Central","37057",1
"49180","","268","Winston-Salem, NC","Metropolitan Statistical Area","","Greensboro--Winston-Salem--High Point, NC","Davie County","North Carolina","NC","37","059","Central","37059",1
"","","","","","","","Duplin County","","NC","","","","37061",0
"20500","","450","Durham-Chapel Hill, NC","Metropolitan Statistical Area","","Raleigh-Durham-Cary, NC","Durham County","North Carolina","NC","37","063","Central","37063",1
"40580","","468","Rocky Mount, NC","Metropolitan Statistical Area","","Rocky Mount-Wilson-Roanoke Rapids, NC","Edgecombe County","North Carolina","NC","37","065","Central","37065",1
"49180","","268","Winston-Salem, NC","Metropolitan Statistical Area","","Greensboro--Winston-Salem--High Point, NC","Forsyth County","North Carolina","NC","37","067","Central","37067",1
"39580","","450","Raleigh-Cary, NC","Metropolitan Statistical Area","","Raleigh-Durham-Cary, NC","Franklin County","North Carolina","NC","37","069","Central","37069",1
"16740","","172","Charlotte-Concord-Gastonia, NC-SC","Metropolitan Statistical Area","","Charlotte-Concord, NC-SC","Gaston County","North Carolina","NC","37","071","Outlying","37071",1
"47260","","545","Virginia Beach-Chesapeake-Norfolk, VA-NC","Metropolitan Statistical Area","","Virginia Beach-Chesapeake, VA-NC","Gates County","North Carolina","NC","37","073","Outlying","37073",1
"","","","","","","","Graham County","","NC","","","","37075",0
"","","","","","","","Granville County","","NC","","","","37077",0
"","","","","","","","Greene County","","NC","","","","37079",0
"24660","","268","Greensboro-High Point, NC","Metropolitan Statistical Area","","Greensboro--Winston-Salem--High Point, NC","Guilford County","North Carolina","NC","37","081","Central","37081",1
"40260","","468","Roanoke Rapids, NC","Micropolitan Statistical Area","","Rocky Mount-Wilson-Roanoke Rapids, NC","Halifax County","North Carolina","NC","37","083","Central","37083",1
"11360","","450","Anderson Creek, NC","Micropolitan Statistical Area","","Raleigh-Durham-Cary, NC","Harnett County","North Carolina","NC","37","085","Central","37085",1
"48200","","120","Waynesville, NC","Micropolitan Statistical Area","","Asheville-Waynesville-Brevard, NC","Haywood County","North Carolina","NC","37","087","Central","37087",1
"11700","","120","Asheville, NC","Metropolitan Statistical Area","","Asheville-Waynesville-Brevard, NC","Henderson County","North Carolina","NC","37","089","Central","37089",1
"","","","","","","","Hertford County","","NC","","","","37091",0
"22180","","246","Fayetteville, NC","Metropolitan Statistical Area","","Fayetteville-Lumberton-Pinehurst, NC","Hoke County","North Carolina","NC","37","093","Central","37093",1
"","","","","","","","Hyde County","","NC","","","","37095",0
"16740","","172","Charlotte-Concord-Gastonia, NC-SC","Metropolitan Statistical Area","","Charlotte-Concord, NC-SC","Iredell County","North Carolina","NC","37","097","Central","37097",1
"","","","","","","","Jackson County","","NC","","","","37099",0
"39580","","450","Raleigh-Cary, NC","Metropolitan Statistical Area","","Raleigh-Durham-Cary, NC","Johnston County","North Carolina","NC","37","101","Outlying","37101",1
"35100","","404","New Bern, NC","Micropolitan Statistical Area","","New Bern-Morehead City, NC","Jones County","North Carolina","NC","37","103","Outlying","37103",1
"41820","","450","Sanford, NC","Micropolitan Statistical Area","","Raleigh-Durham-Cary, NC","Lee County","North Carolina","NC","37","105","Central","37105",1
"28820","","","Kinston, NC","Micropolitan Statistical Area","","","Lenoir County","North Carolina","NC","37","107","Central","37107",1
"16740","","172","Charlotte-Concord-Gastonia, NC-SC","Metropolitan Statistical Area","","Charlotte-Concord, NC-SC","Lincoln County","North Carolina","NC","37","109","Outlying","37109",1
"32000","","172","Marion, NC","Micropolitan Statistical Area","","Charlotte-Concord, NC-SC","McDowell County","North Carolina","NC","37","111","Central","37111",1
"","","","","","","","Macon County","","NC","","","","37113",0
"11700","","120","Asheville, NC","Metropolitan Statistical Area","","Asheville-Waynesville-Brevard, NC","Madison County","North Carolina","NC","37","115","Outlying","37115",1
"","","","","","","","Martin County","","NC","","","","37117",0
"16740","","172","Charlotte-Concord-Gastonia, NC-SC","Metropolitan Statistical Area","","Charlotte-Concord, NC-SC","Mecklenburg County","North Carolina","NC","37","119","Central","37119",1
"","","","","","","","Mitchell County","","NC","","","","37121",0
"","","","","","","","Montgomery County","","NC","","","","37123",0
"38240","","246","Pinehurst-Southern Pines, NC","Metropolitan Statistical Area","","Fayetteville-Lumberton-Pinehurst, NC","Moore County","North Carolina","NC","37","125","Central","37125",1
"40580","","468","Rocky Mount, NC","Metropolitan Statistical Area","","Rocky Mount-Wilson-Roanoke Rapids, NC","Nash County","North Carolina","NC","37","127","Central","37127",1
"48900","","","Wilmington, NC","Metropolitan Statistical Area","","","New Hanover County","North Carolina","NC","37","129","Central","37129",1
"40260","","468","Roanoke Rapids, NC","Micropolitan Statistical Area","","Rocky Mount-Wilson-Roanoke Rapids, NC","Northampton County","North Carolina","NC","37","131","Outlying","37131",1
"27340","","","Jacksonville, NC","Metropolitan Statistical Area","","","Onslow County","North Carolina","NC","37","133","Central","37133",1
"20500","","450","Durham-Chapel Hill, NC","Metropolitan Statistical Area","","Raleigh-Durham-Cary, NC","Orange County","North Carolina","NC","37","135","Central","37135",1
"35100","","404","New Bern, NC","Micropolitan Statistical Area","","New Bern-Morehead City, NC","Pamlico County","North Carolina","NC","37","137","Outlying","37137",1
"21020","","545","Elizabeth City, NC","Micropolitan Statistical Area","","Virginia Beach-Chesapeake, VA-NC","Pasquotank County","North Carolina","NC","37","139","Central","37139",1
"48900","","","Wilmington, NC","Metropolitan Statistical Area","","","Pender County","North Carolina","NC","37","141","Outlying","37141",1
"","","","","","","","Perquimans County","","NC","","","","37143",0
"20500","","450","Durham-Chapel Hill, NC","Metropolitan Statistical Area","","Raleigh-Durham-Cary, NC","Person County","North Carolina","NC","37","145","Outlying","37145",1
"24780","","274","Greenville, NC","Metropolitan Statistical Area","","Greenville-Washington, NC","Pitt County","North Carolina","NC","37","147","Central","37147",1
"","","","","","","","Polk County","","NC","","","","37149",0
"24660","","268","Greensboro-High Point, NC","Metropolitan Statistical Area","","Greensboro--Winston-Salem--High Point, NC","Randolph County","North Carolina","NC","37","151","Outlying","37151",1
"40460","","246","Rockingham, NC","Micropolitan Statistical Area","","Fayetteville-Lumberton-Pinehurst, NC","Richmond County","North Carolina","NC","37","153","Central","37153",1
"31300","","246","Lumberton, NC","Micropolitan Statistical Area","","Fayetteville-Lumberton-Pinehurst, NC","Robeson County","North Carolina","NC","37","155","Central","37155",1
"24660","","268","Greensboro-High Point, NC","Metropolitan Statistical Area","","Greensboro--Winston-Salem--High Point, NC","Rockingham County","North Carolina","NC","37","157","Outlying","37157",1
"16740","","172","Charlotte-Concord-Gastonia, NC-SC","Metropolitan Statistical Area","","Charlotte-Concord, NC-SC","Rowan County","North Carolina","NC","37","159","Outlying","37159",1
"22580","","","Forest City, NC","Micropolitan Statistical Area","","","Rutherford County","North Carolina","NC","37","161","Central","37161",1
"","","","","","","","Sampson County","","NC","","","","37163",0
"29900","","246","Laurinburg, NC","Micropolitan Statistical Area","","Fayetteville-Lumberton-Pinehurst, NC","Scotland County","North Carolina","NC","37","165","Central","37165",1
"10620","","172","Albemarle, NC","Micropolitan Statistical Area","","Charlotte-Concord, NC-SC","Stanly County","North Carolina","NC","37","167","Central","37167",1
"49180","","268","Winston-Salem, NC","Metropolitan Statistical Area","","Greensboro--Winston-Salem--High Point, NC","Stokes County","North Carolina","NC","37","169","Central","37169",1
"34340","","268","Mount Airy, NC","Micropolitan Statistical Area","","Greensboro--Winston-Salem--High Point, NC","Surry County","North Carolina","NC","37","171","Central","37171",1
"","","","","","","","Swain County","","NC","","","","37173",0
"14820","","120","Brevard, NC","Micropolitan Statistical Area","","Asheville-Waynesville-Brevard, NC","Transylvania County","North Carolina","NC","37","175","Central","37175",1
"","","","","","","","Tyrrell County","","NC","","","","37177",0
"16740","","172","Charlotte-Concord-Gastonia, NC-SC","Metropolitan Statistical Area","","Charlotte-Concord, NC-SC","Union County","North Carolina","NC","37","179","Central","37179",1
"25780","","450","Henderson, NC","Micropolitan Statistical Area","","Raleigh-Durham-Cary, NC","Vance County","North Carolina","NC","37","181","Central","37181",1
"39580","","450","Raleigh-Cary, NC","Metropolitan Statistical Area","","Raleigh-Durham-Cary, NC","Wake County","North Carolina","NC","37","183","Central","37183",1
"","","","","","","","Warren County","","NC","","","","37185",0
"","","","","","","","Washington County","","NC","","","","37187",0
"14380","","","Boone, NC","Micropolitan Statistical Area","","","Watauga County","North Carolina","NC","37","189","Central","37189",1
"24140","","","Goldsboro, NC","Metropolitan Statistical Area","","","Wayne County","North Carolina","NC","37","191","Central","37191",1
"35900","","","North Wilkesboro, NC","Micropolitan Statistical Area","","","Wilkes County","North Carolina","NC","37","193","Central","37193",1
"48980","","468","Wilson, NC","Micropolitan Statistical Area","","Rocky Mount-Wilson-Roanoke Rapids, NC","Wilson County","North Carolina","NC","37","195","Central","37195",1
"49180","","268","Winston-Salem, NC","Metropolitan Statistical Area","","Greensboro--Winston-Salem--High Point, NC","Yadkin County","North Carolina","NC","37","197","Outlying","37197",1
"","","","","","","","Yancey County","","NC","","","","37199",0
"","","","","","","","Adams County","","ND","","","","38001",0
"","","","","","","","Barnes County","","ND","","","","38003",0
"","","","","","","","Benson County","","ND","","","","38005",0
"19860","","","Dickinson, ND","Micropolitan Statistical Area","","","Billings County","North Dakota","ND","38","007","Outlying","38007",1
"","","","","","","","Bottineau County","","ND","","","","38009",0
"","","","","","","","Bowman County","","ND","","","","38011",0
"","","","","","","","Burke County","","ND","","","","38013",0
"13900","","","Bismarck, ND","Metropolitan Statistical Area","","","Burleigh County","North Dakota","ND","38","015","Central","38015",1
"22020","","244","Fargo, ND-MN","Metropolitan Statistical Area","","Fargo-Wahpeton, ND-MN","Cass County","North Dakota","ND","38","017","Central","38017",1
"","","","","","","","Cavalier County","","ND","","","","38019",0
"","","","","","","","Dickey County","","ND","","","","38021",0
"","","","","","","","Divide County","","ND","","","","38023",0
"19860","","","Dickinson, ND","Micropolitan Statistical Area","","","Dunn County","North Dakota","ND","38","025","Outlying","38025",1
"","","","","","","","Eddy County","","ND","","","","38027",0
"","","","","","","","Emmons County","","ND","","","","38029",0
"","","","","","","","Foster County","","ND","","","","38031",0
"","","","","","","","Golden Valley County","","ND","","","","38033",0
"24220","","","Grand Forks, ND-MN","Metropolitan Statistical Area","","","Grand Forks County","North Dakota","ND","38","035","Central","38035",1
"","","","","","","","Grant County","","ND","","","","38037",0
"","","","","","","","Griggs County","","ND","","","","38039",0
"","","","","","","","Hettinger County","","ND","","","","38041",0
"","","","","","","","Kidder County","","ND","","","","38043",0
"","","","","","","","LaMoure County","","ND","","","","38045",0
"","","","","","","","Logan County","","ND","","","","38047",0
"33500","","","Minot, ND","Metropolitan Statistical Area","","","McHenry County","North Dakota","ND","38","049","Outlying","38049",1
"","","","","","","","McIntosh County","","ND","","","","38051",0
"","","","","","","","McKenzie County","","ND","","","","38053",0
"","","","","","","","McLean County","","ND","","","","38055",0
"","","","","","","","Mercer County","","ND","","","","38057",0
"13900","","","Bismarck, ND","Metropolitan Statistical Area","","","Morton County","North Dakota","ND","38","059","Central","38059",1
"","","","","","","","Mountrail County","","ND","","","","38061",0
"","","","","","","","Nelson County","","ND","","","","38063",0
"13900","","","Bismarck, ND","Metropolitan Statistical Area","","","Oliver County","North Dakota","ND","38","065","Outlying","38065",1
"","","","","","","","Pembina County","","ND","","","","38067",0
"","","","","","","","Pierce County","","ND","","","","38069",0
"","","","","","","","Ramsey County","","ND","","","","38071",0
"","","","","","","","Ransom County","","ND","","","","38073",0
"33500","","","Minot, ND","Metropolitan Statistical Area","","","Renville County","North Dakota","ND","38","075","Outlying","38075",1
"47420","","244","Wahpeton, ND-MN","Micropolitan Statistical Area","","Fargo-Wahpeton, ND-MN","Richland County","North Dakota","ND","38","077","Central","38077",1
"","","","","","","","Rolette County","","ND","","","","38079",0
"","","","","","","","Sargent County","","ND","","","","38081",0
"","","","","","","","Sheridan County","","ND","","","","38083",0
"","","","","","","","Sioux County","","ND","","","","38085",0
"","","","","","","","Slope County","","ND","","","","38087",0
"19860","","","Dickinson, ND","Micropolitan Statistical Area","","","Stark County","North Dakota","ND","38","089","Central","38089",1
"","","","","","","","Steele County","","ND","","","","38091",0
"27420","","","Jamestown, ND","Micropolitan Statistical Area","","","Stutsman County","North Dakota","ND","38","093","Central","38093",1
"","","","","","","","Towner County","","ND","","","","38095",0
"","","","","","","","Traill County","","ND","","","","38097",0
"","","","","","","","Walsh County","","ND","","","","38099",0
"33500","","","Minot, ND","Metropolitan Statistical Area","","","Ward County","North Dakota","ND","38","101","Central","38101",1
"","","","","","","","Wells County","","ND","","","","38103",0
"48780","","","Williston, ND","Micropolitan Statistical Area","","","Williams County","North Dakota","ND","38","105","Central","38105",1
"","","","","","","","Adams County","","OH","","","","39001",0
"30620","","338","Lima, OH","Metropolitan Statistical Area","","Lima-Van Wert-Celina, OH","Allen County","Ohio","OH","39","003","Central","39003",1
"11740","","360","Ashland, OH","Micropolitan Statistical Area","","Mansfield-Ashland-Bucyrus, OH","Ashland County","Ohio","OH","39","005","Central","39005",1
"17410","","184","Cleveland, OH","Metropolitan Statistical Area","","Cleveland-Akron-Canton, OH","Ashtabula County","Ohio","OH","39","007","Outlying","39007",1
"11900","","198","Athens, OH","Micropolitan Statistical Area","","Columbus-Marion-Zanesville, OH","Athens County","Ohio","OH","39","009","Central","39009",1
"47540","","338","Wapakoneta, OH","Micropolitan Statistical Area","","Lima-Van Wert-Celina, OH","Auglaize County","Ohio","OH","39","011","Central","39011",1
"48540","","","Wheeling, WV-OH","Metropolitan Statistical Area","","","Belmont County","Ohio","OH","39","013","Central","39013",1
"17140","","178","Cincinnati, OH-KY-IN","Metropolitan Statistical Area","","Cincinnati-Wilmington, OH-KY-IN","Brown County","Ohio","OH","39","015","Outlying","39015",1
"17140","","178","Cincinnati, OH-KY-IN","Metropolitan Statistical Area","","Cincinnati-Wilmington, OH-KY-IN","Butler County","Ohio","OH","39","017","Central","39017",1
"15940","","184","Canton-Massillon, OH","Metropolitan Statistical Area","","Cleveland-Akron-Canton, OH","Carroll County","Ohio","OH","39","019","Outlying","39019",1
"46500","","212","Urbana, OH","Micropolitan Statistical Area","","Dayton-Springfield-Kettering, OH","Champaign County","Ohio","OH","39","021","Central","39021",1
"44220","","212","Springfield, OH","Metropolitan Statistical Area","","Dayton-Springfield-Kettering, OH","Clark County","Ohio","OH","39","023","Central","39023",1
"17140","","178","Cincinnati, OH-KY-IN","Metropolitan Statistical Area","","Cincinnati-Wilmington, OH-KY-IN","Clermont County","Ohio","OH","39","025","Central","39025",1
"48940","","178","Wilmington, OH","Micropolitan Statistical Area","","Cincinnati-Wilmington, OH-KY-IN","Clinton County","Ohio","OH","39","027","Central","39027",1
"41400","","566","Salem, OH","Micropolitan Statistical Area","","Youngstown-Warren-Salem, OH","Columbiana County","Ohio","OH","39","029","Central","39029",1
"18740","","184","Coshocton, OH","Micropolitan Statistical Area","","Cleveland-Akron-Canton, OH","Coshocton County","Ohio","OH","39","031","Central","39031",1
"15340","","360","Bucyrus, OH","Micropolitan Statistical Area","","Mansfield-Ashland-Bucyrus, OH","Crawford County","Ohio","OH","39","033","Central","39033",1
"17410","","184","Cleveland, OH","Metropolitan Statistical Area","","Cleveland-Akron-Canton, OH","Cuyahoga County","Ohio","OH","39","035","Central","39035",1
"24820","","212","Greenville, OH","Micropolitan Statistical Area","","Dayton-Springfield-Kettering, OH","Darke County","Ohio","OH","39","037","Central","39037",1
"19580","","","Defiance, OH","Micropolitan Statistical Area","","","Defiance County","Ohio","OH","39","039","Central","39039",1
"18140","","198","Columbus, OH","Metropolitan Statistical Area","","Columbus-Marion-Zanesville, OH","Delaware County","Ohio","OH","39","041","Central","39041",1
"41780","","184","Sandusky, OH","Metropolitan Statistical Area","","Cleveland-Akron-Canton, OH","Erie County","Ohio","OH","39","043","Central","39043",1
"18140","","198","Columbus, OH","Metropolitan Statistical Area","","Columbus-Marion-Zanesville, OH","Fairfield County","Ohio","OH","39","045","Central","39045",1
"47920","","198","Washington Court House, OH","Micropolitan Statistical Area","","Columbus-Marion-Zanesville, OH","Fayette County","Ohio","OH","39","047","Central","39047",1
"18140","","198","Columbus, OH","Metropolitan Statistical Area","","Columbus-Marion-Zanesville, OH","Franklin County","Ohio","OH","39","049","Central","39049",1
"45780","","","Toledo, OH","Metropolitan Statistical Area","","","Fulton County","Ohio","OH","39","051","Outlying","39051",1
"23680","","","Gallipolis, OH","Micropolitan Statistical Area","","","Gallia County","Ohio","OH","39","053","Central","39053",1
"17410","","184","Cleveland, OH","Metropolitan Statistical Area","","Cleveland-Akron-Canton, OH","Geauga County","Ohio","OH","39","055","Central","39055",1
"19430","","212","Dayton-Kettering-Beavercreek, OH","Metropolitan Statistical Area","","Dayton-Springfield-Kettering, OH","Greene County","Ohio","OH","39","057","Central","39057",1
"15740","","198","Cambridge, OH","Micropolitan Statistical Area","","Columbus-Marion-Zanesville, OH","Guernsey County","Ohio","OH","39","059","Central","39059",1
"17140","","178","Cincinnati, OH-KY-IN","Metropolitan Statistical Area","","Cincinnati-Wilmington, OH-KY-IN","Hamilton County","Ohio","OH","39","061","Central","39061",1
"22300","","248","Findlay, OH","Micropolitan Statistical Area","","Findlay-Tiffin, OH","Hancock County","Ohio","OH","39","063","Central","39063",1
"","","","","","","","Hardin County","","OH","","","","39065",0
"","","","","","","","Harrison County","","OH","","","","39067",0
"","","","","","","","Henry County","","OH","","","","39069",0
"","","","","","","","Highland County","","OH","","","","39071",0
"18140","","198","Columbus, OH","Metropolitan Statistical Area","","Columbus-Marion-Zanesville, OH","Hocking County","Ohio","OH","39","073","Outlying","39073",1
"","","","","","","","Holmes County","","OH","","","","39075",0
"35940","","184","Norwalk, OH","Micropolitan Statistical Area","","Cleveland-Akron-Canton, OH","Huron County","Ohio","OH","39","077","Central","39077",1
"","","","","","","","Jackson County","","OH","","","","39079",0
"48260","","430","Weirton-Steubenville, WV-OH","Metropolitan Statistical Area","","Pittsburgh-Weirton-Steubenville, PA-OH-WV","Jefferson County","Ohio","OH","39","081","Central","39081",1
"34540","","198","Mount Vernon, OH","Micropolitan Statistical Area","","Columbus-Marion-Zanesville, OH","Knox County","Ohio","OH","39","083","Central","39083",1
"17410","","184","Cleveland, OH","Metropolitan Statistical Area","","Cleveland-Akron-Canton, OH","Lake County","Ohio","OH","39","085","Central","39085",1
"26580","","170","Huntington-Ashland, WV-KY-OH","Metropolitan Statistical Area","","Charleston-Huntington-Ashland, WV-OH-KY","Lawrence County","Ohio","OH","39","087","Central","39087",1
"18140","","198","Columbus, OH","Metropolitan Statistical Area","","Columbus-Marion-Zanesville, OH","Licking County","Ohio","OH","39","089","Outlying","39089",1
"13340","","198","Bellefontaine, OH","Micropolitan Statistical Area","","Columbus-Marion-Zanesville, OH","Logan County","Ohio","OH","39","091","Central","39091",1
"17410","","184","Cleveland, OH","Metropolitan Statistical Area","","Cleveland-Akron-Canton, OH","Lorain County","Ohio","OH","39","093","Outlying","39093",1
"45780","","","Toledo, OH","Metropolitan Statistical Area","","","Lucas County","Ohio","OH","39","095","Central","39095",1
"18140","","198","Columbus, OH","Metropolitan Statistical Area","","Columbus-Marion-Zanesville, OH","Madison County","Ohio","OH","39","097","Outlying","39097",1
"49660","","566","Youngstown-Warren, OH","Metropolitan Statistical Area","","Youngstown-Warren-Salem, OH","Mahoning County","Ohio","OH","39","099","Central","39099",1
"32020","","198","Marion, OH","Micropolitan Statistical Area","","Columbus-Marion-Zanesville, OH","Marion County","Ohio","OH","39","101","Central","39101",1
"17410","","184","Cleveland, OH","Metropolitan Statistical Area","","Cleveland-Akron-Canton, OH","Medina County","Ohio","OH","39","103","Central","39103",1
"","","","","","","","Meigs County","","OH","","","","39105",0
"16380","","338","Celina, OH","Micropolitan Statistical Area","","Lima-Van Wert-Celina, OH","Mercer County","Ohio","OH","39","107","Central","39107",1
"19430","","212","Dayton-Kettering-Beavercreek, OH","Metropolitan Statistical Area","","Dayton-Springfield-Kettering, OH","Miami County","Ohio","OH","39","109","Outlying","39109",1
"","","","","","","","Monroe County","","OH","","","","39111",0
"19430","","212","Dayton-Kettering-Beavercreek, OH","Metropolitan Statistical Area","","Dayton-Springfield-Kettering, OH","Montgomery County","Ohio","OH","39","113","Central","39113",1
"","","","","","","","Morgan County","","OH","","","","39115",0
"18140","","198","Columbus, OH","Metropolitan Statistical Area","","Columbus-Marion-Zanesville, OH","Morrow County","Ohio","OH","39","117","Outlying","39117",1
"49780","","198","Zanesville, OH","Micropolitan Statistical Area","","Columbus-Marion-Zanesville, OH","Muskingum County","Ohio","OH","39","119","Central","39119",1
"","","","","","","","Noble County","","OH","","","","39121",0
"41780","","184","Sandusky, OH","Metropolitan Statistical Area","","Cleveland-Akron-Canton, OH","Ottawa County","Ohio","OH","39","123","Central","39123",1
"","","","","","","","Paulding County","","OH","","","","39125",0
"18140","","198","Columbus, OH","Metropolitan Statistical Area","","Columbus-Marion-Zanesville, OH","Perry County","Ohio","OH","39","127","Outlying","39127",1
"18140","","198","Columbus, OH","Metropolitan Statistical Area","","Columbus-Marion-Zanesville, OH","Pickaway County","Ohio","OH","39","129","Outlying","39129",1
"","","","","","","","Pike County","","OH","","","","39131",0
"10420","","184","Akron, OH","Metropolitan Statistical Area","","Cleveland-Akron-Canton, OH","Portage County","Ohio","OH","39","133","Central","39133",1
"","","","","","","","Preble County","","OH","","","","39135",0
"","","","","","","","Putnam County","","OH","","","","39137",0
"31900","","360","Mansfield, OH","Metropolitan Statistical Area","","Mansfield-Ashland-Bucyrus, OH","Richland County","Ohio","OH","39","139","Central","39139",1
"17060","","198","Chillicothe, OH","Micropolitan Statistical Area","","Columbus-Marion-Zanesville, OH","Ross County","Ohio","OH","39","141","Central","39141",1
"23380","","184","Fremont, OH","Micropolitan Statistical Area","","Cleveland-Akron-Canton, OH","Sandusky County","Ohio","OH","39","143","Central","39143",1
"39020","","170","Portsmouth, OH","Micropolitan Statistical Area","","Charleston-Huntington-Ashland, WV-OH-KY","Scioto County","Ohio","OH","39","145","Central","39145",1
"45660","","248","Tiffin, OH","Micropolitan Statistical Area","","Findlay-Tiffin, OH","Seneca County","Ohio","OH","39","147","Central","39147",1
"43380","","212","Sidney, OH","Micropolitan Statistical Area","","Dayton-Springfield-Kettering, OH","Shelby County","Ohio","OH","39","149","Central","39149",1
"15940","","184","Canton-Massillon, OH","Metropolitan Statistical Area","","Cleveland-Akron-Canton, OH","Stark County","Ohio","OH","39","151","Central","39151",1
"10420","","184","Akron, OH","Metropolitan Statistical Area","","Cleveland-Akron-Canton, OH","Summit County","Ohio","OH","39","153","Central","39153",1
"49660","","566","Youngstown-Warren, OH","Metropolitan Statistical Area","","Youngstown-Warren-Salem, OH","Trumbull County","Ohio","OH","39","155","Central","39155",1
"35420","","184","New Philadelphia-Dover, OH","Micropolitan Statistical Area","","Cleveland-Akron-Canton, OH","Tuscarawas County","Ohio","OH","39","157","Central","39157",1
"18140","","198","Columbus, OH","Metropolitan Statistical Area","","Columbus-Marion-Zanesville, OH","Union County","Ohio","OH","39","159","Outlying","39159",1
"46780","","338","Van Wert, OH","Micropolitan Statistical Area","","Lima-Van Wert-Celina, OH","Van Wert County","Ohio","OH","39","161","Central","39161",1
"","","","","","","","Vinton County","","OH","","","","39163",0
"17140","","178","Cincinnati, OH-KY-IN","Metropolitan Statistical Area","","Cincinnati-Wilmington, OH-KY-IN","Warren County","Ohio","OH","39","165","Central","39165",1
"31930","","425","Marietta, OH","Micropolitan Statistical Area","","Parkersburg-Marietta-Vienna, WV-OH","Washington County","Ohio","OH","39","167","Central","39167",1
"49300","","184","Wooster, OH","Micropolitan Statistical Area","","Cleveland-Akron-Canton, OH","Wayne County","Ohio","OH","39","169","Central","39169",1
"","","","","","","","Williams County","","OH","","","","39171",0
"45780","","","Toledo, OH","Metropolitan Statistical Area","","","Wood County","Ohio","OH","39","173","Central","39173",1
"","","","","","","","Wyandot County","","OH","","","","39175",0
"","","","","","","","Adair County","","OK","","","","40001",0
"","","","","","","","Alfalfa County","","OK","","","","40003",0
"","","","","","","","Atoka County","","OK","","","","40005",0
"","","","","","","","Beaver County","","OK","","","","40007",0
"21120","","555","Elk City, OK","Micropolitan Statistical Area","","Weatherford-Elk City, OK","Beckham County","Oklahoma","OK","40","009","Central","40009",1
"","","","","","","","Blaine County","","OK","","","","40011",0
"20460","","206","Durant, OK","Micropolitan Statistical Area","","Dallas-Fort Worth, TX-OK","Bryan County","Oklahoma","OK","40","013","Central","40013",1
"","","","","","","","Caddo County","","OK","","","","40015",0
"36420","","416","Oklahoma City, OK","Metropolitan Statistical Area","","Oklahoma City-Shawnee, OK","Canadian County","Oklahoma","OK","40","017","Central","40017",1
"11620","","","Ardmore, OK","Micropolitan Statistical Area","","","Carter County","Oklahoma","OK","40","019","Central","40019",1
"45140","","","Tahlequah, OK","Micropolitan Statistical Area","","","Cherokee County","Oklahoma","OK","40","021","Central","40021",1
"","","","","","","","Choctaw County","","OK","","","","40023",0
"","","","","","","","Cimarron County","","OK","","","","40025",0
"36420","","416","Oklahoma City, OK","Metropolitan Statistical Area","","Oklahoma City-Shawnee, OK","Cleveland County","Oklahoma","OK","40","027","Central","40027",1
"","","","","","","","Coal County","","OK","","","","40029",0
"30020","","334","Lawton, OK","Metropolitan Statistical Area","","Lawton-Duncan, OK","Comanche County","Oklahoma","OK","40","031","Central","40031",1
"30020","","334","Lawton, OK","Metropolitan Statistical Area","","Lawton-Duncan, OK","Cotton County","Oklahoma","OK","40","033","Outlying","40033",1
"","","","","","","","Craig County","","OK","","","","40035",0
"46140","","538","Tulsa, OK","Metropolitan Statistical Area","","Tulsa-Bartlesville-Muskogee, OK","Creek County","Oklahoma","OK","40","037","Central","40037",1
"48220","","555","Weatherford, OK","Micropolitan Statistical Area","","Weatherford-Elk City, OK","Custer County","Oklahoma","OK","40","039","Central","40039",1
"","","","","","","","Delaware County","","OK","","","","40041",0
"","","","","","","","Dewey County","","OK","","","","40043",0
"","","","","","","","Ellis County","","OK","","","","40045",0
"21420","","","Enid, OK","Metropolitan Statistical Area","","","Garfield County","Oklahoma","OK","40","047","Central","40047",1
"","","","","","","","Garvin County","","OK","","","","40049",0
"36420","","416","Oklahoma City, OK","Metropolitan Statistical Area","","Oklahoma City-Shawnee, OK","Grady County","Oklahoma","OK","40","051","Outlying","40051",1
"","","","","","","","Grant County","","OK","","","","40053",0
"","","","","","","","Greer County","","OK","","","","40055",0
"","","","","","","","Harmon County","","OK","","","","40057",0
"","","","","","","","Harper County","","OK","","","","40059",0
"","","","","","","","Haskell County","","OK","","","","40061",0
"","","","","","","","Hughes County","","OK","","","","40063",0
"11060","","","Altus, OK","Micropolitan Statistical Area","","","Jackson County","Oklahoma","OK","40","065","Central","40065",1
"","","","","","","","Jefferson County","","OK","","","","40067",0
"","","","","","","","Johnston County","","OK","","","","40069",0
"38620","","","Ponca City, OK","Micropolitan Statistical Area","","","Kay County","Oklahoma","OK","40","071","Central","40071",1
"","","","","","","","Kingfisher County","","OK","","","","40073",0
"","","","","","","","Kiowa County","","OK","","","","40075",0
"","","","","","","","Latimer County","","OK","","","","40077",0
"","","","","","","","Le Flore County","","OK","","","","40079",0
"36420","","416","Oklahoma City, OK","Metropolitan Statistical Area","","Oklahoma City-Shawnee, OK","Lincoln County","Oklahoma","OK","40","081","Outlying","40081",1
"36420","","416","Oklahoma City, OK","Metropolitan Statistical Area","","Oklahoma City-Shawnee, OK","Logan County","Oklahoma","OK","40","083","Central","40083",1
"","","","","","","","Love County","","OK","","","","40085",0
"36420","","416","Oklahoma City, OK","Metropolitan Statistical Area","","Oklahoma City-Shawnee, OK","McClain County","Oklahoma","OK","40","087","Outlying","40087",1
"","","","","","","","McCurtain County","","OK","","","","40089",0
"","","","","","","","McIntosh County","","OK","","","","40091",0
"","","","","","","","Major County","","OK","","","","40093",0
"","","","","","","","Marshall County","","OK","","","","40095",0
"","","","","","","","Mayes County","","OK","","","","40097",0
"","","","","","","","Murray County","","OK","","","","40099",0
"34780","","538","Muskogee, OK","Micropolitan Statistical Area","","Tulsa-Bartlesville-Muskogee, OK","Muskogee County","Oklahoma","OK","40","101","Central","40101",1
"","","","","","","","Noble County","","OK","","","","40103",0
"","","","","","","","Nowata County","","OK","","","","40105",0
"","","","","","","","Okfuskee County","","OK","","","","40107",0
"36420","","416","Oklahoma City, OK","Metropolitan Statistical Area","","Oklahoma City-Shawnee, OK","Oklahoma County","Oklahoma","OK","40","109","Central","40109",1
"46140","","538","Tulsa, OK","Metropolitan Statistical Area","","Tulsa-Bartlesville-Muskogee, OK","Okmulgee County","Oklahoma","OK","40","111","Outlying","40111",1
"46140","","538","Tulsa, OK","Metropolitan Statistical Area","","Tulsa-Bartlesville-Muskogee, OK","Osage County","Oklahoma","OK","40","113","Central","40113",1
"33060","","309","Miami, OK","Micropolitan Statistical Area","","Joplin-Miami, MO-OK-KS","Ottawa County","Oklahoma","OK","40","115","Central","40115",1
"46140","","538","Tulsa, OK","Metropolitan Statistical Area","","Tulsa-Bartlesville-Muskogee, OK","Pawnee County","Oklahoma","OK","40","117","Outlying","40117",1
"44660","","","Stillwater, OK","Micropolitan Statistical Area","","","Payne County","Oklahoma","OK","40","119","Central","40119",1
"32540","","","McAlester, OK","Micropolitan Statistical Area","","","Pittsburg County","Oklahoma","OK","40","121","Central","40121",1
"10220","","","Ada, OK","Micropolitan Statistical Area","","","Pontotoc County","Oklahoma","OK","40","123","Central","40123",1
"43060","","416","Shawnee, OK","Micropolitan Statistical Area","","Oklahoma City-Shawnee, OK","Pottawatomie County","Oklahoma","OK","40","125","Central","40125",1
"","","","","","","","Pushmataha County","","OK","","","","40127",0
"","","","","","","","Roger Mills County","","OK","","","","40129",0
"46140","","538","Tulsa, OK","Metropolitan Statistical Area","","Tulsa-Bartlesville-Muskogee, OK","Rogers County","Oklahoma","OK","40","131","Outlying","40131",1
"","","","","","","","Seminole County","","OK","","","","40133",0
"22900","","","Fort Smith, AR-OK","Metropolitan Statistical Area","","","Sequoyah County","Oklahoma","OK","40","135","Outlying","40135",1
"20340","","334","Duncan, OK","Micropolitan Statistical Area","","Lawton-Duncan, OK","Stephens County","Oklahoma","OK","40","137","Central","40137",1
"25100","","","Guymon, OK","Micropolitan Statistical Area","","","Texas County","Oklahoma","OK","40","139","Central","40139",1
"","","","","","","","Tillman County","","OK","","","","40141",0
"46140","","538","Tulsa, OK","Metropolitan Statistical Area","","Tulsa-Bartlesville-Muskogee, OK","Tulsa County","Oklahoma","OK","40","143","Central","40143",1
"46140","","538","Tulsa, OK","Metropolitan Statistical Area","","Tulsa-Bartlesville-Muskogee, OK","Wagoner County","Oklahoma","OK","40","145","Central","40145",1
"12780","","538","Bartlesville, OK","Micropolitan Statistical Area","","Tulsa-Bartlesville-Muskogee, OK","Washington County","Oklahoma","OK","40","147","Central","40147",1
"48220","","555","Weatherford, OK","Micropolitan Statistical Area","","Weatherford-Elk City, OK","Washita County","Oklahoma","OK","40","149","Outlying","40149",1
"","","","","","","","Woods County","","OK","","","","40151",0
"49260","","","Woodward, OK","Micropolitan Statistical Area","","","Woodward County","Oklahoma","OK","40","153","Central","40153",1
"12520","","","Baker City, OR","Micropolitan Statistical Area","","","Baker County","Oregon","OR","41","001","Central","41001",1
"18700","","440","Corvallis, OR","Metropolitan Statistical Area","","Portland-Vancouver-Salem, OR-WA","Benton County","Oregon","OR","41","003","Central","41003",1
"38900","","440","Portland-Vancouver-Hillsboro, OR-WA","Metropolitan Statistical Area","","Portland-Vancouver-Salem, OR-WA","Clackamas County","Oregon","OR","41","005","Central","41005",1
"11820","","","Astoria, OR","Micropolitan Statistical Area","","","Clatsop County","Oregon","OR","41","007","Central","41007",1
"38900","","440","Portland-Vancouver-Hillsboro, OR-WA","Metropolitan Statistical Area","","Portland-Vancouver-Salem, OR-WA","Columbia County","Oregon","OR","41","009","Outlying","41009",1
"18300","","","Coos Bay-North Bend, OR","Micropolitan Statistical Area","","","Coos County","Oregon","OR","41","011","Central","41011",1
"13460","","","Bend, OR","Metropolitan Statistical Area","","","Crook County","Oregon","OR","41","013","Outlying","41013",1
"15060","","152","Brookings, OR","Micropolitan Statistical Area","","Brookings-Crescent City, OR-CA","Curry County","Oregon","OR","41","015","Central","41015",1
"13460","","","Bend, OR","Metropolitan Statistical Area","","","Deschutes County","Oregon","OR","41","017","Central","41017",1
"40700","","","Roseburg, OR","Micropolitan Statistical Area","","","Douglas County","Oregon","OR","41","019","Central","41019",1
"","","","","","","","Gilliam County","","OR","","","","41021",0
"","","","","","","","Grant County","","OR","","","","41023",0
"","","","","","","","Harney County","","OR","","","","41025",0
"26220","","","Hood River, OR","Micropolitan Statistical Area","","","Hood River County","Oregon","OR","41","027","Central","41027",1
"32780","","366","Medford, OR","Metropolitan Statistical Area","","Medford-Grants Pass, OR","Jackson County","Oregon","OR","41","029","Central","41029",1
"13460","","","Bend, OR","Metropolitan Statistical Area","","","Jefferson County","Oregon","OR","41","031","Outlying","41031",1
"24420","","366","Grants Pass, OR","Metropolitan Statistical Area","","Medford-Grants Pass, OR","Josephine County","Oregon","OR","41","033","Central","41033",1
"28900","","","Klamath Falls, OR","Micropolitan Statistical Area","","","Klamath County","Oregon","OR","41","035","Central","41035",1
"","","","","","","","Lake County","","OR","","","","41037",0
"21660","","","Eugene-Springfield, OR","Metropolitan Statistical Area","","","Lane County","Oregon","OR","41","039","Central","41039",1
"35440","","","Newport, OR","Micropolitan Statistical Area","","","Lincoln County","Oregon","OR","41","041","Central","41041",1
"10540","","440","Albany, OR","Metropolitan Statistical Area","","Portland-Vancouver-Salem, OR-WA","Linn County","Oregon","OR","41","043","Central","41043",1
"36620","","147","Ontario, OR-ID","Micropolitan Statistical Area","","Boise City-Mountain Home-Ontario, ID-OR","Malheur County","Oregon","OR","41","045","Central","41045",1
"41420","","440","Salem, OR","Metropolitan Statistical Area","","Portland-Vancouver-Salem, OR-WA","Marion County","Oregon","OR","41","047","Central","41047",1
"25840","","","Hermiston-Pendleton, OR","Micropolitan Statistical Area","","","Morrow County","Oregon","OR","41","049","Outlying","41049",1
"38900","","440","Portland-Vancouver-Hillsboro, OR-WA","Metropolitan Statistical Area","","Portland-Vancouver-Salem, OR-WA","Multnomah County","Oregon","OR","41","051","Central","41051",1
"41420","","440","Salem, OR","Metropolitan Statistical Area","","Portland-Vancouver-Salem, OR-WA","Polk County","Oregon","OR","41","053","Central","41053",1
"","","","","","","","Sherman County","","OR","","","","41055",0
"","","","","","","","Tillamook County","","OR","","","","41057",0
"25840","","","Hermiston-Pendleton, OR","Micropolitan Statistical Area","","","Umatilla County","Oregon","OR","41","059","Central","41059",1
"29260","","","La Grande, OR","Micropolitan Statistical Area","","","Union County","Oregon","OR","41","061","Central","41061",1
"","","","","","","","Wallowa County","","OR","","","","41063",0
"45520","","","The Dalles, OR","Micropolitan Statistical Area","","","Wasco County","Oregon","OR","41","065","Central","41065",1
"38900","","440","Portland-Vancouver-Hillsboro, OR-WA","Metropolitan Statistical Area","","Portland-Vancouver-Salem, OR-WA","Washington County","Oregon","OR","41","067","Central","41067",1
"","","","","","","","Wheeler County","","OR","","","","41069",0
"38900","","440","Portland-Vancouver-Hillsboro, OR-WA","Metropolitan Statistical Area","","Portland-Vancouver-Salem, OR-WA","Yamhill County","Oregon","OR","41","071","Outlying","41071",1
"23900","","276","Gettysburg, PA","Metropolitan Statistical Area","","Harrisburg-York-Lebanon, PA","Adams County","Pennsylvania","PA","42","001","Central","42001",1
"38300","","430","Pittsburgh, PA","Metropolitan Statistical Area","","Pittsburgh-Weirton-Steubenville, PA-OH-WV","Allegheny County","Pennsylvania","PA","42","003","Central","42003",1
"38300","","430","Pittsburgh, PA","Metropolitan Statistical Area","","Pittsburgh-Weirton-Steubenville, PA-OH-WV","Armstrong County","Pennsylvania","PA","42","005","Outlying","42005",1
"38300","","430","Pittsburgh, PA","Metropolitan Statistical Area","","Pittsburgh-Weirton-Steubenville, PA-OH-WV","Beaver County","Pennsylvania","PA","42","007","Central","42007",1
"","","","","","","","Bedford County","","PA","","","","42009",0
"39740","","428","Reading, PA","Metropolitan Statistical Area","","Philadelphia-Reading-Camden, PA-NJ-DE-MD","Berks County","Pennsylvania","PA","42","011","Central","42011",1
"11020","","107","Altoona, PA","Metropolitan Statistical Area","","Altoona-Huntingdon, PA","Blair County","Pennsylvania","PA","42","013","Central","42013",1
"42380","","","Sayre, PA","Micropolitan Statistical Area","","","Bradford County","Pennsylvania","PA","42","015","Central","42015",1
"37980","33874","428","Philadelphia-Camden-Wilmington, PA-NJ-DE-MD","Metropolitan Statistical Area","Montgomery County-Bucks County-Chester County, PA","Philadelphia-Reading-Camden, PA-NJ-DE-MD","Bucks County","Pennsylvania","PA","42","017","Central","42017",1
"38300","","430","Pittsburgh, PA","Metropolitan Statistical Area","","Pittsburgh-Weirton-Steubenville, PA-OH-WV","Butler County","Pennsylvania","PA","42","019","Central","42019",1
"27780","","306","Johnstown, PA","Metropolitan Statistical Area","","Johnstown-Somerset, PA","Cambria County","Pennsylvania","PA","42","021","Central","42021",1
"","","","","","","","Cameron County","","PA","","","","42023",0
"10900","","106","Allentown-Bethlehem-Easton, PA-NJ","Metropolitan Statistical Area","","Allentown-Bethlehem-East Stroudsburg, PA-NJ","Carbon County","Pennsylvania","PA","42","025","Outlying","42025",1
"44300","","524","State College, PA","Metropolitan Statistical Area","","State College-DuBois, PA","Centre County","Pennsylvania","PA","42","027","Central","42027",1
"37980","33874","428","Philadelphia-Camden-Wilmington, PA-NJ-DE-MD","Metropolitan Statistical Area","Montgomery County-Bucks County-Chester County, PA","Philadelphia-Reading-Camden, PA-NJ-DE-MD","Chester County","Pennsylvania","PA","42","029","Central","42029",1
"","","","","","","","Clarion County","","PA","","","","42031",0
"20180","","524","DuBois, PA","Micropolitan Statistical Area","","State College-DuBois, PA","Clearfield County","Pennsylvania","PA","42","033","Central","42033",1
"30820","","558","Lock Haven, PA","Micropolitan Statistical Area","","Williamsport-Lock Haven, PA","Clinton County","Pennsylvania","PA","42","035","Central","42035",1
"14100","","146","Bloomsburg-Berwick, PA","Micropolitan Statistical Area","","Bloomsburg-Berwick-Sunbury, PA","Columbia County","Pennsylvania","PA","42","037","Central","42037",1
"32740","","240","Meadville, PA","Micropolitan Statistical Area","","Erie-Meadville, PA","Crawford County","Pennsylvania","PA","42","039","Central","42039",1
"25420","","276","Harrisburg-Carlisle, PA","Metropolitan Statistical Area","","Harrisburg-York-Lebanon, PA","Cumberland County","Pennsylvania","PA","42","041","Central","42041",1
"25420","","276","Harrisburg-Carlisle, PA","Metropolitan Statistical Area","","Harrisburg-York-Lebanon, PA","Dauphin County","Pennsylvania","PA","42","043","Central","42043",1
"37980","37964","428","Philadelphia-Camden-Wilmington, PA-NJ-DE-MD","Metropolitan Statistical Area","Philadelphia, PA","Philadelphia-Reading-Camden, PA-NJ-DE-MD","Delaware County","Pennsylvania","PA","42","045","Central","42045",1
"41260","","","St. Marys, PA","Micropolitan Statistical Area","","","Elk County","Pennsylvania","PA","42","047","Central","42047",1
"21500","","240","Erie, PA","Metropolitan Statistical Area","","Erie-Meadville, PA","Erie County","Pennsylvania","PA","42","049","Central","42049",1
"38300","","430","Pittsburgh, PA","Metropolitan Statistical Area","","Pittsburgh-Weirton-Steubenville, PA-OH-WV","Fayette County","Pennsylvania","PA","42","051","Outlying","42051",1
"","","","","","","","Forest County","","PA","","","","42053",0
"16540","","548","Chambersburg, PA","Metropolitan Statistical Area","","Washington-Baltimore-Arlington, DC-MD-VA-WV-PA","Franklin County","Pennsylvania","PA","42","055","Central","42055",1
"","","","","","","","Fulton County","","PA","","","","42057",0
"","","","","","","","Greene County","","PA","","","","42059",0
"26500","","107","Huntingdon, PA","Micropolitan Statistical Area","","Altoona-Huntingdon, PA","Huntingdon County","Pennsylvania","PA","42","061","Central","42061",1
"26860","","430","Indiana, PA","Micropolitan Statistical Area","","Pittsburgh-Weirton-Steubenville, PA-OH-WV","Indiana County","Pennsylvania","PA","42","063","Central","42063",1
"","","","","","","","Jefferson County","","PA","","","","42065",0
"","","","","","","","Juniata County","","PA","","","","42067",0
"42540","","","Scranton--Wilkes-Barre, PA","Metropolitan Statistical Area","","","Lackawanna County","Pennsylvania","PA","42","069","Central","42069",1
"29540","","","Lancaster, PA","Metropolitan Statistical Area","","","Lancaster County","Pennsylvania","PA","42","071","Central","42071",1
"38300","","430","Pittsburgh, PA","Metropolitan Statistical Area","","Pittsburgh-Weirton-Steubenville, PA-OH-WV","Lawrence County","Pennsylvania","PA","42","073","Outlying","42073",1
"30140","","276","Lebanon, PA","Metropolitan Statistical Area","","Harrisburg-York-Lebanon, PA","Lebanon County","Pennsylvania","PA","42","075","Central","42075",1
"10900","","106","Allentown-Bethlehem-Easton, PA-NJ","Metropolitan Statistical Area","","Allentown-Bethlehem-East Stroudsburg, PA-NJ","Lehigh County","Pennsylvania","PA","42","077","Central","42077",1
"42540","","","Scranton--Wilkes-Barre, PA","Metropolitan Statistical Area","","","Luzerne County","Pennsylvania","PA","42","079","Central","42079",1
"48700","","558","Williamsport, PA","Metropolitan Statistical Area","","Williamsport-Lock Haven, PA","Lycoming County","Pennsylvania","PA","42","081","Central","42081",1
"14620","","","Bradford, PA","Micropolitan Statistical Area","","","McKean County","Pennsylvania","PA","42","083","Central","42083",1
"25850","","430","Hermitage, PA","Micropolitan Statistical Area","","Pittsburgh-Weirton-Steubenville, PA-OH-WV","Mercer County","Pennsylvania","PA","42","085","Central","42085",1
"30380","","","Lewistown, PA","Micropolitan Statistical Area","","","Mifflin County","Pennsylvania","PA","42","087","Central","42087",1
"20700","","106","East Stroudsburg, PA","Micropolitan Statistical Area","","Allentown-Bethlehem-East Stroudsburg, PA-NJ","Monroe County","Pennsylvania","PA","42","089","Central","42089",1
"37980","33874","428","Philadelphia-Camden-Wilmington, PA-NJ-DE-MD","Metropolitan Statistical Area","Montgomery County-Bucks County-Chester County, PA","Philadelphia-Reading-Camden, PA-NJ-DE-MD","Montgomery County","Pennsylvania","PA","42","091","Central","42091",1
"44980","","146","Sunbury, PA","Micropolitan Statistical Area","","Bloomsburg-Berwick-Sunbury, PA","Montour County","Pennsylvania","PA","42","093","Outlying","42093",1
"10900","","106","Allentown-Bethlehem-Easton, PA-NJ","Metropolitan Statistical Area","","Allentown-Bethlehem-East Stroudsburg, PA-NJ","Northampton County","Pennsylvania","PA","42","095","Central","42095",1
"44980","","146","Sunbury, PA","Micropolitan Statistical Area","","Bloomsburg-Berwick-Sunbury, PA","Northumberland County","Pennsylvania","PA","42","097","Central","42097",1
"25420","","276","Harrisburg-Carlisle, PA","Metropolitan Statistical Area","","Harrisburg-York-Lebanon, PA","Perry County","Pennsylvania","PA","42","099","Outlying","42099",1
"37980","37964","428","Philadelphia-Camden-Wilmington, PA-NJ-DE-MD","Metropolitan Statistical Area","Philadelphia, PA","Philadelphia-Reading-Camden, PA-NJ-DE-MD","Philadelphia County","Pennsylvania","PA","42","101","Central","42101",1
"25770","","408","Hemlock Farms, PA","Micropolitan Statistical Area","","New York-Newark, NY-NJ-CT-PA","Pike County","Pennsylvania","PA","42","103","Central","42103",1
"","","","","","","","Potter County","","PA","","","","42105",0
"39060","","","Pottsville, PA","Micropolitan Statistical Area","","","Schuylkill County","Pennsylvania","PA","42","107","Central","42107",1
"42780","","146","Selinsgrove, PA","Micropolitan Statistical Area","","Bloomsburg-Berwick-Sunbury, PA","Snyder County","Pennsylvania","PA","42","109","Central","42109",1
"43740","","306","Somerset, PA","Micropolitan Statistical Area","","Johnstown-Somerset, PA","Somerset County","Pennsylvania","PA","42","111","Central","42111",1
"","","","","","","","Sullivan County","","PA","","","","42113",0
"","","","","","","","Susquehanna County","","PA","","","","42115",0
"","","","","","","","Tioga County","","PA","","","","42117",0
"30260","","146","Lewisburg, PA","Micropolitan Statistical Area","","Bloomsburg-Berwick-Sunbury, PA","Union County","Pennsylvania","PA","42","119","Central","42119",1
"36340","","","Oil City, PA","Micropolitan Statistical Area","","","Venango County","Pennsylvania","PA","42","121","Central","42121",1
"47620","","","Warren, PA","Micropolitan Statistical Area","","","Warren County","Pennsylvania","PA","42","123","Central","42123",1
"38300","","430","Pittsburgh, PA","Metropolitan Statistical Area","","Pittsburgh-Weirton-Steubenville, PA-OH-WV","Washington County","Pennsylvania","PA","42","125","Central","42125",1
"","","","","","","","Wayne County","","PA","","","","42127",0
"38300","","430","Pittsburgh, PA","Metropolitan Statistical Area","","Pittsburgh-Weirton-Steubenville, PA-OH-WV","Westmoreland County","Pennsylvania","PA","42","129","Central","42129",1
"42540","","","Scranton--Wilkes-Barre, PA","Metropolitan Statistical Area","","","Wyoming County","Pennsylvania","PA","42","131","Outlying","42131",1
"49620","","276","York-Hanover, PA","Metropolitan Statistical Area","","Harrisburg-York-Lebanon, PA","York County","Pennsylvania","PA","42","133","Central","42133",1
"39300","","148","Providence-Warwick, RI-MA","Metropolitan Statistical Area","","Boston-Worcester-Providence, MA-RI-NH","Bristol County","Rhode Island","RI","44","001","Central","44001",1
"39300","","148","Providence-Warwick, RI-MA","Metropolitan Statistical Area","","Boston-Worcester-Providence, MA-RI-NH","Kent County","Rhode Island","RI","44","003","Central","44003",1
"39300","","148","Providence-Warwick, RI-MA","Metropolitan Statistical Area","","Boston-Worcester-Providence, MA-RI-NH","Newport County","Rhode Island","RI","44","005","Central","44005",1
"39300","","148","Providence-Warwick, RI-MA","Metropolitan Statistical Area","","Boston-Worcester-Providence, MA-RI-NH","Providence County","Rhode Island","RI","44","007","Central","44007",1
"39300","","148","Providence-Warwick, RI-MA","Metropolitan Statistical Area","","Boston-Worcester-Providence, MA-RI-NH","Washington County","Rhode Island","RI","44","009","Central","44009",1
"24940","","273","Greenwood, SC","Micropolitan Statistical Area","","Greenville-Spartanburg-Anderson, SC","Abbeville County","South Carolina","SC","45","001","Outlying","45001",1
"12260","","","Augusta-Richmond County, GA-SC","Metropolitan Statistical Area","","","Aiken County","South Carolina","SC","45","003","Central","45003",1
"","","","","","","","Allendale County","","SC","","","","45005",0
"24860","","273","Greenville-Anderson-Greer, SC","Metropolitan Statistical Area","","Greenville-Spartanburg-Anderson, SC","Anderson County","South Carolina","SC","45","007","Outlying","45007",1
"","","","","","","","Bamberg County","","SC","","","","45009",0
"","","","","","","","Barnwell County","","SC","","","","45011",0
"25940","","","Hilton Head Island-Bluffton-Port Royal, SC","Metropolitan Statistical Area","","","Beaufort County","South Carolina","SC","45","013","Central","45013",1
"16700","","","Charleston-North Charleston, SC","Metropolitan Statistical Area","","","Berkeley County","South Carolina","SC","45","015","Central","45015",1
"17900","","192","Columbia, SC","Metropolitan Statistical Area","","Columbia-Sumter-Orangeburg, SC","Calhoun County","South Carolina","SC","45","017","Outlying","45017",1
"16700","","","Charleston-North Charleston, SC","Metropolitan Statistical Area","","","Charleston County","South Carolina","SC","45","019","Central","45019",1
"23500","","273","Gaffney, SC","Micropolitan Statistical Area","","Greenville-Spartanburg-Anderson, SC","Cherokee County","South Carolina","SC","45","021","Central","45021",1
"16740","","172","Charlotte-Concord-Gastonia, NC-SC","Metropolitan Statistical Area","","Charlotte-Concord, NC-SC","Chester County","South Carolina","SC","45","023","Outlying","45023",1
"","","","","","","","Chesterfield County","","SC","","","","45025",0
"","","","","","","","Clarendon County","","SC","","","","45027",0
"","","","","","","","Colleton County","","SC","","","","45029",0
"22500","","","Florence, SC","Metropolitan Statistical Area","","","Darlington County","South Carolina","SC","45","031","Outlying","45031",1
"","","","","","","","Dillon County","","SC","","","","45033",0
"16700","","","Charleston-North Charleston, SC","Metropolitan Statistical Area","","","Dorchester County","South Carolina","SC","45","035","Central","45035",1
"12260","","","Augusta-Richmond County, GA-SC","Metropolitan Statistical Area","","","Edgefield County","South Carolina","SC","45","037","Outlying","45037",1
"17900","","192","Columbia, SC","Metropolitan Statistical Area","","Columbia-Sumter-Orangeburg, SC","Fairfield County","South Carolina","SC","45","039","Outlying","45039",1
"22500","","","Florence, SC","Metropolitan Statistical Area","","","Florence County","South Carolina","SC","45","041","Central","45041",1
"34680","","396","Murrells Inlet, SC","Micropolitan Statistical Area","","Myrtle Beach-Conway, SC","Georgetown County","South Carolina","SC","45","043","Central","45043",1
"24860","","273","Greenville-Anderson-Greer, SC","Metropolitan Statistical Area","","Greenville-Spartanburg-Anderson, SC","Greenville County","South Carolina","SC","45","045","Central","45045",1
"24940","","273","Greenwood, SC","Micropolitan Statistical Area","","Greenville-Spartanburg-Anderson, SC","Greenwood County","South Carolina","SC","45","047","Central","45047",1
"","","","","","","","Hampton County","","SC","","","","45049",0
"34820","","396","Myrtle Beach-Conway-North Myrtle Beach, SC","Metropolitan Statistical Area","","Myrtle Beach-Conway, SC","Horry County","South Carolina","SC","45","051","Central","45051",1
"25940","","","Hilton Head Island-Bluffton-Port Royal, SC","Metropolitan Statistical Area","","","Jasper County","South Carolina","SC","45","053","Outlying","45053",1
"17900","","192","Columbia, SC","Metropolitan Statistical Area","","Columbia-Sumter-Orangeburg, SC","Kershaw County","South Carolina","SC","45","055","Outlying","45055",1
"16740","","172","Charlotte-Concord-Gastonia, NC-SC","Metropolitan Statistical Area","","Charlotte-Concord, NC-SC","Lancaster County","South Carolina","SC","45","057","Outlying","45057",1
"24860","","273","Greenville-Anderson-Greer, SC","Metropolitan Statistical Area","","Greenville-Spartanburg-Anderson, SC","Laurens County","South Carolina","SC","45","059","Outlying","45059",1
"","","","","","","","Lee County","","SC","","","","45061",0
"17900","","192","Columbia, SC","Metropolitan Statistical Area","","Columbia-Sumter-Orangeburg, SC","Lexington County","South Carolina","SC","45","063","Central","45063",1
"","","","","","","","McCormick County","","SC","","","","45065",0
"","","","","","","","Marion County","","SC","","","","45067",0
"","","","","","","","Marlboro County","","SC","","","","45069",0
"35140","","192","Newberry, SC","Micropolitan Statistical Area","","Columbia-Sumter-Orangeburg, SC","Newberry County","South Carolina","SC","45","071","Central","45071",1
"42860","","273","Seneca, SC","Micropolitan Statistical Area","","Greenville-Spartanburg-Anderson, SC","Oconee County","South Carolina","SC","45","073","Central","45073",1
"36700","","192","Orangeburg, SC","Micropolitan Statistical Area","","Columbia-Sumter-Orangeburg, SC","Orangeburg County","South Carolina","SC","45","075","Central","45075",1
"24860","","273","Greenville-Anderson-Greer, SC","Metropolitan Statistical Area","","Greenville-Spartanburg-Anderson, SC","Pickens County","South Carolina","SC","45","077","Central","45077",1
"17900","","192","Columbia, SC","Metropolitan Statistical Area","","Columbia-Sumter-Orangeburg, SC","Richland County","South Carolina","SC","45","079","Central","45079",1
"17900","","192","Columbia, SC","Metropolitan Statistical Area","","Columbia-Sumter-Orangeburg, SC","Saluda County","South Carolina","SC","45","081","Outlying","45081",1
"43900","","273","Spartanburg, SC","Metropolitan Statistical Area","","Greenville-Spartanburg-Anderson, SC","Spartanburg County","South Carolina","SC","45","083","Central","45083",1
"44940","","192","Sumter, SC","Metropolitan Statistical Area","","Columbia-Sumter-Orangeburg, SC","Sumter County","South Carolina","SC","45","085","Central","45085",1
"43900","","273","Spartanburg, SC","Metropolitan Statistical Area","","Greenville-Spartanburg-Anderson, SC","Union County","South Carolina","SC","45","087","Outlying","45087",1
"","","","","","","","Williamsburg County","","SC","","","","45089",0
"16740","","172","Charlotte-Concord-Gastonia, NC-SC","Metropolitan Statistical Area","","Charlotte-Concord, NC-SC","York County","South Carolina","SC","45","091","Outlying","45091",1
"","","","","","","","Aurora County","","SD","","","","46003",0
"26700","","","Huron, SD","Micropolitan Statistical Area","","","Beadle County","South Dakota","SD","46","005","Central","46005",1
"","","","","","","","Bennett County","","SD","","","","46007",0
"","","","","","","","Bon Homme County","","SD","","","","46009",0
"15100","","","Brookings, SD","Micropolitan Statistical Area","","","Brookings County","South Dakota","SD","46","011","Central","46011",1
"10100","","","Aberdeen, SD","Micropolitan Statistical Area","","","Brown County","South Dakota","SD","46","013","Central","46013",1
"","","","","","","","Brule County","","SD","","","","46015",0
"","","","","","","","Buffalo County","","SD","","","","46017",0
"","","","","","","","Butte County","","SD","","","","46019",0
"","","","","","","","Campbell County","","SD","","","","46021",0
"","","","","","","","Charles Mix County","","SD","","","","46023",0
"","","","","","","","Clark County","","SD","","","","46025",0
"46820","","","Vermillion, SD","Micropolitan Statistical Area","","","Clay County","South Dakota","SD","46","027","Central","46027",1
"47980","","","Watertown, SD","Micropolitan Statistical Area","","","Codington County","South Dakota","SD","46","029","Central","46029",1
"","","","","","","","Corson County","","SD","","","","46031",0
"39660","","452","Rapid City, SD","Metropolitan Statistical Area","","Rapid City-Spearfish, SD","Custer County","South Dakota","SD","46","033","Outlying","46033",1
"33580","","","Mitchell, SD","Micropolitan Statistical Area","","","Davison County","South Dakota","SD","46","035","Central","46035",1
"","","","","","","","Day County","","SD","","","","46037",0
"","","","","","","","Deuel County","","SD","","","","46039",0
"","","","","","","","Dewey County","","SD","","","","46041",0
"","","","","","","","Douglas County","","SD","","","","46043",0
"10100","","","Aberdeen, SD","Micropolitan Statistical Area","","","Edmunds County","South Dakota","SD","46","045","Outlying","46045",1
"","","","","","","","Fall River County","","SD","","","","46047",0
"","","","","","","","Faulk County","","SD","","","","46049",0
"","","","","","","","Grant County","","SD","","","","46051",0
"","","","","","","","Gregory County","","SD","","","","46053",0
"","","","","","","","Haakon County","","SD","","","","46055",0
"","","","","","","","Hamlin County","","SD","","","","46057",0
"","","","","","","","Hand County","","SD","","","","46059",0
"33580","","","Mitchell, SD","Micropolitan Statistical Area","","","Hanson County","South Dakota","SD","46","061","Outlying","46061",1
"","","","","","","","Harding County","","SD","","","","46063",0
"38180","","","Pierre, SD","Micropolitan Statistical Area","","","Hughes County","South Dakota","SD","46","065","Central","46065",1
"","","","","","","","Hutchinson County","","SD","","","","46067",0
"","","","","","","","Hyde County","","SD","","","","46069",0
"","","","","","","","Jackson County","","SD","","","","46071",0
"","","","","","","","Jerauld County","","SD","","","","46073",0
"","","","","","","","Jones County","","SD","","","","46075",0
"","","","","","","","Kingsbury County","","SD","","","","46077",0
"","","","","","","","Lake County","","SD","","","","46079",0
"43940","","452","Spearfish, SD","Micropolitan Statistical Area","","Rapid City-Spearfish, SD","Lawrence County","South Dakota","SD","46","081","Central","46081",1
"43620","","","Sioux Falls, SD-MN","Metropolitan Statistical Area","","","Lincoln County","South Dakota","SD","46","083","Central","46083",1
"","","","","","","","Lyman County","","SD","","","","46085",0
"43620","","","Sioux Falls, SD-MN","Metropolitan Statistical Area","","","McCook County","South Dakota","SD","46","087","Outlying","46087",1
"","","","","","","","McPherson County","","SD","","","","46089",0
"","","","","","","","Marshall County","","SD","","","","46091",0
"39660","","452","Rapid City, SD","Metropolitan Statistical Area","","Rapid City-Spearfish, SD","Meade County","South Dakota","SD","46","093","Outlying","46093",1
"","","","","","","","Mellette County","","SD","","","","46095",0
"","","","","","","","Miner County","","SD","","","","46097",0
"43620","","","Sioux Falls, SD-MN","Metropolitan Statistical Area","","","Minnehaha County","South Dakota","SD","46","099","Central","46099",1
"","","","","","","","Moody County","","SD","","","","46101",0
"","","","","","","","Oglala Lakota County","","SD","","","","46102",0
"39660","","452","Rapid City, SD","Metropolitan Statistical Area","","Rapid City-Spearfish, SD","Pennington County","South Dakota","SD","46","103","Central","46103",1
"","","","","","","","Perkins County","","SD","","","","46105",0
"","","","","","","","Potter County","","SD","","","","46107",0
"","","","","","","","Roberts County","","SD","","","","46109",0
"33580","","","Mitchell, SD","Micropolitan Statistical Area","","","Sanborn County","South Dakota","SD","46","111","Outlying","46111",1
"","","","","","","","Spink County","","SD","","","","46115",0
"38180","","","Pierre, SD","Micropolitan Statistical Area","","","Stanley County","South Dakota","SD","46","117","Central","46117",1
"","","","","","","","Sully County","","SD","","","","46119",0
"","","","","","","","Todd County","","SD","","","","46121",0
"","","","","","","","Tripp County","","SD","","","","46123",0
"43620","","","Sioux Falls, SD-MN","Metropolitan Statistical Area","","","Turner County","South Dakota","SD","46","125","Outlying","46125",1
"43580","","512","Sioux City, IA-NE-SD","Metropolitan Statistical Area","","Sioux City-Le Mars, IA-NE-SD","Union County","South Dakota","SD","46","127","Central","46127",1
"","","","","","","","Walworth County","","SD","","","","46129",0
"49460","","","Yankton, SD","Micropolitan Statistical Area","","","Yankton County","South Dakota","SD","46","135","Central","46135",1
"","","","","","","","Ziebach County","","SD","","","","46137",0
"28940","","315","Knoxville, TN","Metropolitan Statistical Area","","Knoxville-Morristown-Sevierville, TN","Anderson County","Tennessee","TN","47","001","Central","47001",1
"43180","","400","Shelbyville, TN","Micropolitan Statistical Area","","Nashville-Davidson--Murfreesboro, TN","Bedford County","Tennessee","TN","47","003","Central","47003",1
"","","","","","","","Benton County","","TN","","","","47005",0
"","","","","","","","Bledsoe County","","TN","","","","47007",0
"28940","","315","Knoxville, TN","Metropolitan Statistical Area","","Knoxville-Morristown-Sevierville, TN","Blount County","Tennessee","TN","47","009","Central","47009",1
"17420","","174","Cleveland, TN","Metropolitan Statistical Area","","Chattanooga-Cleveland-Dalton, TN-GA-AL","Bradley County","Tennessee","TN","47","011","Central","47011",1
"28940","","315","Knoxville, TN","Metropolitan Statistical Area","","Knoxville-Morristown-Sevierville, TN","Campbell County","Tennessee","TN","47","013","Outlying","47013",1
"34980","","400","Nashville-Davidson--Murfreesboro--Franklin, TN","Metropolitan Statistical Area","","Nashville-Davidson--Murfreesboro, TN","Cannon County","Tennessee","TN","47","015","Outlying","47015",1
"","","","","","","","Carroll County","","TN","","","","47017",0
"27740","","304","Johnson City, TN","Metropolitan Statistical Area","","Johnson City-Kingsport-Bristol, TN-VA","Carter County","Tennessee","TN","47","019","Central","47019",1
"34980","","400","Nashville-Davidson--Murfreesboro--Franklin, TN","Metropolitan Statistical Area","","Nashville-Davidson--Murfreesboro, TN","Cheatham County","Tennessee","TN","47","021","Outlying","47021",1
"27180","","","Jackson, TN","Metropolitan Statistical Area","","","Chester County","Tennessee","TN","47","023","Outlying","47023",1
"","","","","","","","Claiborne County","","TN","","","","47025",0
"","","","","","","","Clay County","","TN","","","","47027",0
"35460","","315","Newport, TN","Micropolitan Statistical Area","","Knoxville-Morristown-Sevierville, TN","Cocke County","Tennessee","TN","47","029","Central","47029",1
"46100","","400","Tullahoma-Manchester, TN","Micropolitan Statistical Area","","Nashville-Davidson--Murfreesboro, TN","Coffee County","Tennessee","TN","47","031","Central","47031",1
"27180","","","Jackson, TN","Metropolitan Statistical Area","","","Crockett County","Tennessee","TN","47","033","Outlying","47033",1
"18900","","","Crossville, TN","Micropolitan Statistical Area","","","Cumberland County","Tennessee","TN","47","035","Central","47035",1
"34980","","400","Nashville-Davidson--Murfreesboro--Franklin, TN","Metropolitan Statistical Area","","Nashville-Davidson--Murfreesboro, TN","Davidson County","Tennessee","TN","47","037","Central","47037",1
"","","","","","","","Decatur County","","TN","","","","47039",0
"","","","","","","","DeKalb County","","TN","","","","47041",0
"34980","","400","Nashville-Davidson--Murfreesboro--Franklin, TN","Metropolitan Statistical Area","","Nashville-Davidson--Murfreesboro, TN","Dickson County","Tennessee","TN","47","043","Outlying","47043",1
"20540","","","Dyersburg, TN","Micropolitan Statistical Area","","","Dyer County","Tennessee","TN","47","045","Central","47045",1
"32820","","368","Memphis, TN-MS-AR","Metropolitan Statistical Area","","Memphis-Clarksdale-Forrest City, TN-MS-AR","Fayette County","Tennessee","TN","47","047","Outlying","47047",1
"","","","","","","","Fentress County","","TN","","","","47049",0
"49010","","400","Winchester, TN","Micropolitan Statistical Area","","Nashville-Davidson--Murfreesboro, TN","Franklin County","Tennessee","TN","47","051","Central","47051",1
"27180","","","Jackson, TN","Metropolitan Statistical Area","","","Gibson County","Tennessee","TN","47","053","Outlying","47053",1
"","","","","","","","Giles County","","TN","","","","47055",0
"28940","","315","Knoxville, TN","Metropolitan Statistical Area","","Knoxville-Morristown-Sevierville, TN","Grainger County","Tennessee","TN","47","057","Outlying","47057",1
"24620","","304","Greeneville, TN","Micropolitan Statistical Area","","Johnson City-Kingsport-Bristol, TN-VA","Greene County","Tennessee","TN","47","059","Central","47059",1
"","","","","","","","Grundy County","","TN","","","","47061",0
"34100","","315","Morristown, TN","Metropolitan Statistical Area","","Knoxville-Morristown-Sevierville, TN","Hamblen County","Tennessee","TN","47","063","Central","47063",1
"16860","","174","Chattanooga, TN-GA","Metropolitan Statistical Area","","Chattanooga-Cleveland-Dalton, TN-GA-AL","Hamilton County","Tennessee","TN","47","065","Central","47065",1
"","","","","","","","Hancock County","","TN","","","","47067",0
"","","","","","","","Hardeman County","","TN","","","","47069",0
"","","","","","","","Hardin County","","TN","","","","47071",0
"28700","","304","Kingsport-Bristol, TN-VA","Metropolitan Statistical Area","","Johnson City-Kingsport-Bristol, TN-VA","Hawkins County","Tennessee","TN","47","073","Central","47073",1
"","","","","","","","Haywood County","","TN","","","","47075",0
"","","","","","","","Henderson County","","TN","","","","47077",0
"37540","","","Paris, TN","Micropolitan Statistical Area","","","Henry County","Tennessee","TN","47","079","Central","47079",1
"34980","","400","Nashville-Davidson--Murfreesboro--Franklin, TN","Metropolitan Statistical Area","","Nashville-Davidson--Murfreesboro, TN","Hickman County","Tennessee","TN","47","081","Outlying","47081",1
"","","","","","","","Houston County","","TN","","","","47083",0
"","","","","","","","Humphreys County","","TN","","","","47085",0
"18260","","","Cookeville, TN","Micropolitan Statistical Area","","","Jackson County","Tennessee","TN","47","087","Outlying","47087",1
"34100","","315","Morristown, TN","Metropolitan Statistical Area","","Knoxville-Morristown-Sevierville, TN","Jefferson County","Tennessee","TN","47","089","Central","47089",1
"","","","","","","","Johnson County","","TN","","","","47091",0
"28940","","315","Knoxville, TN","Metropolitan Statistical Area","","Knoxville-Morristown-Sevierville, TN","Knox County","Tennessee","TN","47","093","Central","47093",1
"","","","","","","","Lake County","","TN","","","","47095",0
"","","","","","","","Lauderdale County","","TN","","","","47097",0
"29980","","400","Lawrenceburg, TN","Micropolitan Statistical Area","","Nashville-Davidson--Murfreesboro, TN","Lawrence County","Tennessee","TN","47","099","Central","47099",1
"","","","","","","","Lewis County","","TN","","","","47101",0
"22190","","290","Fayetteville, TN","Micropolitan Statistical Area","","Huntsville-Decatur-Albertville, AL-TN","Lincoln County","Tennessee","TN","47","103","Central","47103",1
"28940","","315","Knoxville, TN","Metropolitan Statistical Area","","Knoxville-Morristown-Sevierville, TN","Loudon County","Tennessee","TN","47","105","Central","47105",1
"11940","","174","Athens, TN","Micropolitan Statistical Area","","Chattanooga-Cleveland-Dalton, TN-GA-AL","McMinn County","Tennessee","TN","47","107","Central","47107",1
"","","","","","","","McNairy County","","TN","","","","47109",0
"34980","","400","Nashville-Davidson--Murfreesboro--Franklin, TN","Metropolitan Statistical Area","","Nashville-Davidson--Murfreesboro, TN","Macon County","Tennessee","TN","47","111","Outlying","47111",1
"27180","","","Jackson, TN","Metropolitan Statistical Area","","","Madison County","Tennessee","TN","47","113","Central","47113",1
"16860","","174","Chattanooga, TN-GA","Metropolitan Statistical Area","","Chattanooga-Cleveland-Dalton, TN-GA-AL","Marion County","Tennessee","TN","47","115","Outlying","47115",1
"30280","","400","Lewisburg, TN","Micropolitan Statistical Area","","Nashville-Davidson--Murfreesboro, TN","Marshall County","Tennessee","TN","47","117","Central","47117",1
"34980","","400","Nashville-Davidson--Murfreesboro--Franklin, TN","Metropolitan Statistical Area","","Nashville-Davidson--Murfreesboro, TN","Maury County","Tennessee","TN","47","119","Outlying","47119",1
"11940","","174","Athens, TN","Micropolitan Statistical Area","","Chattanooga-Cleveland-Dalton, TN-GA-AL","Meigs County","Tennessee","TN","47","121","Outlying","47121",1
"","","","","","","","Monroe County","","TN","","","","47123",0
"17300","","","Clarksville, TN-KY","Metropolitan Statistical Area","","","Montgomery County","Tennessee","TN","47","125","Central","47125",1
"46100","","400","Tullahoma-Manchester, TN","Micropolitan Statistical Area","","Nashville-Davidson--Murfreesboro, TN","Moore County","Tennessee","TN","47","127","Outlying","47127",1
"28940","","315","Knoxville, TN","Metropolitan Statistical Area","","Knoxville-Morristown-Sevierville, TN","Morgan County","Tennessee","TN","47","129","Outlying","47129",1
"46460","","542","Union City, TN","Micropolitan Statistical Area","","Union City-Martin, TN","Obion County","Tennessee","TN","47","131","Central","47131",1
"18260","","","Cookeville, TN","Micropolitan Statistical Area","","","Overton County","Tennessee","TN","47","133","Outlying","47133",1
"","","","","","","","Perry County","","TN","","","","47135",0
"","","","","","","","Pickett County","","TN","","","","47137",0
"17420","","174","Cleveland, TN","Metropolitan Statistical Area","","Chattanooga-Cleveland-Dalton, TN-GA-AL","Polk County","Tennessee","TN","47","139","Outlying","47139",1
"18260","","","Cookeville, TN","Micropolitan Statistical Area","","","Putnam County","Tennessee","TN","47","141","Central","47141",1
"","","","","","","","Rhea County","","TN","","","","47143",0
"28940","","315","Knoxville, TN","Metropolitan Statistical Area","","Knoxville-Morristown-Sevierville, TN","Roane County","Tennessee","TN","47","145","Outlying","47145",1
"34980","","400","Nashville-Davidson--Murfreesboro--Franklin, TN","Metropolitan Statistical Area","","Nashville-Davidson--Murfreesboro, TN","Robertson County","Tennessee","TN","47","147","Outlying","47147",1
"34980","","400","Nashville-Davidson--Murfreesboro--Franklin, TN","Metropolitan Statistical Area","","Nashville-Davidson--Murfreesboro, TN","Rutherford County","Tennessee","TN","47","149","Outlying","47149",1
"","","","","","","","Scott County","","TN","","","","47151",0
"16860","","174","Chattanooga, TN-GA","Metropolitan Statistical Area","","Chattanooga-Cleveland-Dalton, TN-GA-AL","Sequatchie County","Tennessee","TN","47","153","Outlying","47153",1
"42940","","315","Sevierville, TN","Micropolitan Statistical Area","","Knoxville-Morristown-Sevierville, TN","Sevier County","Tennessee","TN","47","155","Central","47155",1
"32820","","368","Memphis, TN-MS-AR","Metropolitan Statistical Area","","Memphis-Clarksdale-Forrest City, TN-MS-AR","Shelby County","Tennessee","TN","47","157","Central","47157",1
"34980","","400","Nashville-Davidson--Murfreesboro--Franklin, TN","Metropolitan Statistical Area","","Nashville-Davidson--Murfreesboro, TN","Smith County","Tennessee","TN","47","159","Outlying","47159",1
"17300","","","Clarksville, TN-KY","Metropolitan Statistical Area","","","Stewart County","Tennessee","TN","47","161","Outlying","47161",1
"28700","","304","Kingsport-Bristol, TN-VA","Metropolitan Statistical Area","","Johnson City-Kingsport-Bristol, TN-VA","Sullivan County","Tennessee","TN","47","163","Central","47163",1
"34980","","400","Nashville-Davidson--Murfreesboro--Franklin, TN","Metropolitan Statistical Area","","Nashville-Davidson--Murfreesboro, TN","Sumner County","Tennessee","TN","47","165","Central","47165",1
"32820","","368","Memphis, TN-MS-AR","Metropolitan Statistical Area","","Memphis-Clarksdale-Forrest City, TN-MS-AR","Tipton County","Tennessee","TN","47","167","Outlying","47167",1
"34980","","400","Nashville-Davidson--Murfreesboro--Franklin, TN","Metropolitan Statistical Area","","Nashville-Davidson--Murfreesboro, TN","Trousdale County","Tennessee","TN","47","169","Outlying","47169",1
"27740","","304","Johnson City, TN","Metropolitan Statistical Area","","Johnson City-Kingsport-Bristol, TN-VA","Unicoi County","Tennessee","TN","47","171","Outlying","47171",1
"28940","","315","Knoxville, TN","Metropolitan Statistical Area","","Knoxville-Morristown-Sevierville, TN","Union County","Tennessee","TN","47","173","Outlying","47173",1
"","","","","","","","Van Buren County","","TN","","","","47175",0
"32660","","","McMinnville, TN","Micropolitan Statistical Area","","","Warren County","Tennessee","TN","47","177","Central","47177",1
"27740","","304","Johnson City, TN","Metropolitan Statistical Area","","Johnson City-Kingsport-Bristol, TN-VA","Washington County","Tennessee","TN","47","179","Central","47179",1
"","","","","","","","Wayne County","","TN","","","","47181",0
"32280","","542","Martin, TN","Micropolitan Statistical Area","","Union City-Martin, TN","Weakley County","Tennessee","TN","47","183","Central","47183",1
"18260","","","Cookeville, TN","Micropolitan Statistical Area","","","White County","Tennessee","TN","47","185","Outlying","47185",1
"34980","","400","Nashville-Davidson--Murfreesboro--Franklin, TN","Metropolitan Statistical Area","","Nashville-Davidson--Murfreesboro, TN","Williamson County","Tennessee","TN","47","187","Central","47187",1
"34980","","400","Nashville-Davidson--Murfreesboro--Franklin, TN","Metropolitan Statistical Area","","Nashville-Davidson--Murfreesboro, TN","Wilson County","Tennessee","TN","47","189","Central","47189",1
"37300","","","Palestine, TX","Micropolitan Statistical Area","","","Anderson County","Texas","TX","48","001","Central","48001",1
"11380","","372","Andrews, TX","Micropolitan Statistical Area","","Midland-Odessa-Andrews, TX","Andrews County","Texas","TX","48","003","Central","48003",1
"31260","","","Lufkin, TX","Micropolitan Statistical Area","","","Angelina County","Texas","TX","48","005","Central","48005",1
"18580","","204","Corpus Christi, TX","Metropolitan Statistical Area","","Corpus Christi-Kingsville-Alice, TX","Aransas County","Texas","TX","48","007","Outlying","48007",1
"48660","","","Wichita Falls, TX","Metropolitan Statistical Area","","","Archer County","Texas","TX","48","009","Outlying","48009",1
"11100","","108","Amarillo, TX","Metropolitan Statistical Area","","Amarillo-Borger, TX","Armstrong County","Texas","TX","48","011","Outlying","48011",1
"41700","","484","San Antonio-New Braunfels, TX","Metropolitan Statistical Area","","San Antonio-New Braunfels-Kerrville, TX","Atascosa County","Texas","TX","48","013","Outlying","48013",1
"26420","","288","Houston-Pasadena-The Woodlands, TX","Metropolitan Statistical Area","","Houston-Pasadena, TX","Austin County","Texas","TX","48","015","Outlying","48015",1
"","","","","","","","Bailey County","","TX","","","","48017",0
"41700","","484","San Antonio-New Braunfels, TX","Metropolitan Statistical Area","","San Antonio-New Braunfels-Kerrville, TX","Bandera County","Texas","TX","48","019","Outlying","48019",1
"12420","","","Austin-Round Rock-San Marcos, TX","Metropolitan Statistical Area","","","Bastrop County","Texas","TX","48","021","Outlying","48021",1
"","","","","","","","Baylor County","","TX","","","","48023",0
"13300","","","Beeville, TX","Micropolitan Statistical Area","","","Bee County","Texas","TX","48","025","Central","48025",1
"28660","","","Killeen-Temple, TX","Metropolitan Statistical Area","","","Bell County","Texas","TX","48","027","Central","48027",1
"41700","","484","San Antonio-New Braunfels, TX","Metropolitan Statistical Area","","San Antonio-New Braunfels-Kerrville, TX","Bexar County","Texas","TX","48","029","Central","48029",1
"","","","","","","","Blanco County","","TX","","","","48031",0
"","","","","","","","Borden County","","TX","","","","48033",0
"47380","","","Waco, TX","Metropolitan Statistical Area","","","Bosque County","Texas","TX","48","035","Outlying","48035",1
"45500","","","Texarkana, TX-AR","Metropolitan Statistical Area","","","Bowie County","Texas","TX","48","037","Central","48037",1
"26420","","288","Houston-Pasadena-The Woodlands, TX","Metropolitan Statistical Area","","Houston-Pasadena, TX","Brazoria County","Texas","TX","48","039","Central","48039",1
"17780","","","College Station-Bryan, TX","Metropolitan Statistical Area","","","Brazos County","Texas","TX","48","041","Central","48041",1
"","","","","","","","Brewster County","","TX","","","","48043",0
"","","","","","","","Briscoe County","","TX","","","","48045",0
"10860","","204","Alice, TX","Micropolitan Statistical Area","","Corpus Christi-Kingsville-Alice, TX","Brooks County","Texas","TX","48","047","Outlying","48047",1
"15220","","","Brownwood, TX","Micropolitan Statistical Area","","","Brown County","Texas","TX","48","049","Central","48049",1
"17780","","","College Station-Bryan, TX","Metropolitan Statistical Area","","","Burleson County","Texas","TX","48","051","Outlying","48051",1
"","","","","","","","Burnet County","","TX","","","","48053",0
"12420","","","Austin-Round Rock-San Marcos, TX","Metropolitan Statistical Area","","","Caldwell County","Texas","TX","48","055","Outlying","48055",1
"38920","","544","Port Lavaca, TX","Micropolitan Statistical Area","","Victoria-Port Lavaca, TX","Calhoun County","Texas","TX","48","057","Central","48057",1
"10180","","101","Abilene, TX","Metropolitan Statistical Area","","Abilene-Sweetwater, TX","Callahan County","Texas","TX","48","059","Outlying","48059",1
"15180","","154","Brownsville-Harlingen, TX","Metropolitan Statistical Area","","Brownsville-Harlingen-Raymondville, TX","Cameron County","Texas","TX","48","061","Central","48061",1
"34420","","","Mount Pleasant, TX","Micropolitan Statistical Area","","","Camp County","Texas","TX","48","063","Outlying","48063",1
"11100","","108","Amarillo, TX","Metropolitan Statistical Area","","Amarillo-Borger, TX","Carson County","Texas","TX","48","065","Outlying","48065",1
"","","","","","","","Cass County","","TX","","","","48067",0
"","","","","","","","Castro County","","TX","","","","48069",0
"26420","","288","Houston-Pasadena-The Woodlands, TX","Metropolitan Statistical Area","","Houston-Pasadena, TX","Chambers County","Texas","TX","48","071","Outlying","48071",1
"27380","","540","Jacksonville, TX","Micropolitan Statistical Area","","Tyler-Jacksonville, TX","Cherokee County","Texas","TX","48","073","Central","48073",1
"","","","","","","","Childress County","","TX","","","","48075",0
"48660","","","Wichita Falls, TX","Metropolitan Statistical Area","","","Clay County","Texas","TX","48","077","Outlying","48077",1
"31180","","352","Lubbock, TX","Metropolitan Statistical Area","","Lubbock-Plainview, TX","Cochran County","Texas","TX","48","079","Outlying","48079",1
"","","","","","","","Coke County","","TX","","","","48081",0
"","","","","","","","Coleman County","","TX","","","","48083",0
"19100","19124","206","Dallas-Fort Worth-Arlington, TX","Metropolitan Statistical Area","Dallas-Plano-Irving, TX","Dallas-Fort Worth, TX-OK","Collin County","Texas","TX","48","085","Central","48085",1
"","","","","","","","Collingsworth County","","TX","","","","48087",0
"","","","","","","","Colorado County","","TX","","","","48089",0
"41700","","484","San Antonio-New Braunfels, TX","Metropolitan Statistical Area","","San Antonio-New Braunfels-Kerrville, TX","Comal County","Texas","TX","48","091","Outlying","48091",1
"","","","","","","","Comanche County","","TX","","","","48093",0
"","","","","","","","Concho County","","TX","","","","48095",0
"23620","","206","Gainesville, TX","Micropolitan Statistical Area","","Dallas-Fort Worth, TX-OK","Cooke County","Texas","TX","48","097","Central","48097",1
"28660","","","Killeen-Temple, TX","Metropolitan Statistical Area","","","Coryell County","Texas","TX","48","099","Central","48099",1
"","","","","","","","Cottle County","","TX","","","","48101",0
"","","","","","","","Crane County","","TX","","","","48103",0
"","","","","","","","Crockett County","","TX","","","","48105",0
"31180","","352","Lubbock, TX","Metropolitan Statistical Area","","Lubbock-Plainview, TX","Crosby County","Texas","TX","48","107","Outlying","48107",1
"","","","","","","","Culberson County","","TX","","","","48109",0
"","","","","","","","Dallam County","","TX","","","","48111",0
"19100","19124","206","Dallas-Fort Worth-Arlington, TX","Metropolitan Statistical Area","Dallas-Plano-Irving, TX","Dallas-Fort Worth, TX-OK","Dallas County","Texas","TX","48","113","Central","48113",1
"","","","","","","","Dawson County","","TX","","","","48115",0
"25820","","","Hereford, TX","Micropolitan Statistical Area","","","Deaf Smith County","Texas","TX","48","117","Central","48117",1
"","","","","","","","Delta County","","TX","","","","48119",0
"19100","19124","206","Dallas-Fort Worth-Arlington, TX","Metropolitan Statistical Area","Dallas-Plano-Irving, TX","Dallas-Fort Worth, TX-OK","Denton County","Texas","TX","48","121","Outlying","48121",1
"","","","","","","","DeWitt County","","TX","","","","48123",0
"","","","","","","","Dickens County","","TX","","","","48125",0
"","","","","","","","Dimmit County","","TX","","","","48127",0
"","","","","","","","Donley County","","TX","","","","48129",0
"","","","","","","","Duval County","","TX","","","","48131",0
"","","","","","","","Eastland County","","TX","","","","48133",0
"36220","","372","Odessa, TX","Metropolitan Statistical Area","","Midland-Odessa-Andrews, TX","Ector County","Texas","TX","48","135","Central","48135",1
"","","","","","","","Edwards County","","TX","","","","48137",0
"19100","19124","206","Dallas-Fort Worth-Arlington, TX","Metropolitan Statistical Area","Dallas-Plano-Irving, TX","Dallas-Fort Worth, TX-OK","Ellis County","Texas","TX","48","139","Central","48139",1
"21340","","238","El Paso, TX","Metropolitan Statistical Area","","El Paso-Las Cruces, TX-NM","El Paso County","Texas","TX","48","141","Central","48141",1
"44500","","","Stephenville, TX","Micropolitan Statistical Area","","","Erath County","Texas","TX","48","143","Central","48143",1
"47380","","","Waco, TX","Metropolitan Statistical Area","","","Falls County","Texas","TX","48","145","Outlying","48145",1
"14300","","206","Bonham, TX","Micropolitan Statistical Area","","Dallas-Fort Worth, TX-OK","Fannin County","Texas","TX","48","147","Central","48147",1
"","","","","","","","Fayette County","","TX","","","","48149",0
"","","","","","","","Fisher County","","TX","","","","48151",0
"38380","","352","Plainview, TX","Micropolitan Statistical Area","","Lubbock-Plainview, TX","Floyd County","Texas","TX","48","153","Outlying","48153",1
"","","","","","","","Foard County","","TX","","","","48155",0
"26420","","288","Houston-Pasadena-The Woodlands, TX","Metropolitan Statistical Area","","Houston-Pasadena, TX","Fort Bend County","Texas","TX","48","157","Central","48157",1
"","","","","","","","Franklin County","","TX","","","","48159",0
"","","","","","","","Freestone County","","TX","","","","48161",0
"","","","","","","","Frio County","","TX","","","","48163",0
"","","","","","","","Gaines County","","TX","","","","48165",0
"26420","","288","Houston-Pasadena-The Woodlands, TX","Metropolitan Statistical Area","","Houston-Pasadena, TX","Galveston County","Texas","TX","48","167","Outlying","48167",1
"31180","","352","Lubbock, TX","Metropolitan Statistical Area","","Lubbock-Plainview, TX","Garza County","Texas","TX","48","169","Outlying","48169",1
"23240","","484","Fredericksburg, TX","Micropolitan Statistical Area","","San Antonio-New Braunfels-Kerrville, TX","Gillespie County","Texas","TX","48","171","Central","48171",1
"","","","","","","","Glasscock County","","TX","","","","48173",0
"47020","","544","Victoria, TX","Metropolitan Statistical Area","","Victoria-Port Lavaca, TX","Goliad County","Texas","TX","48","175","Outlying","48175",1
"","","","","","","","Gonzales County","","TX","","","","48177",0
"37420","","","Pampa, TX","Micropolitan Statistical Area","","","Gray County","Texas","TX","48","179","Central","48179",1
"43300","","206","Sherman-Denison, TX","Metropolitan Statistical Area","","Dallas-Fort Worth, TX-OK","Grayson County","Texas","TX","48","181","Central","48181",1
"30980","","","Longview, TX","Metropolitan Statistical Area","","","Gregg County","Texas","TX","48","183","Central","48183",1
"","","","","","","","Grimes County","","TX","","","","48185",0
"41700","","484","San Antonio-New Braunfels, TX","Metropolitan Statistical Area","","San Antonio-New Braunfels-Kerrville, TX","Guadalupe County","Texas","TX","48","187","Central","48187",1
"38380","","352","Plainview, TX","Micropolitan Statistical Area","","Lubbock-Plainview, TX","Hale County","Texas","TX","48","189","Central","48189",1
"","","","","","","","Hall County","","TX","","","","48191",0
"","","","","","","","Hamilton County","","TX","","","","48193",0
"","","","","","","","Hansford County","","TX","","","","48195",0
"","","","","","","","Hardeman County","","TX","","","","48197",0
"13140","","","Beaumont-Port Arthur, TX","Metropolitan Statistical Area","","","Hardin County","Texas","TX","48","199","Outlying","48199",1
"26420","","288","Houston-Pasadena-The Woodlands, TX","Metropolitan Statistical Area","","Houston-Pasadena, TX","Harris County","Texas","TX","48","201","Central","48201",1
"30980","","","Longview, TX","Metropolitan Statistical Area","","","Harrison County","Texas","TX","48","203","Outlying","48203",1
"","","","","","","","Hartley County","","TX","","","","48205",0
"","","","","","","","Haskell County","","TX","","","","48207",0
"12420","","","Austin-Round Rock-San Marcos, TX","Metropolitan Statistical Area","","","Hays County","Texas","TX","48","209","Central","48209",1
"","","","","","","","Hemphill County","","TX","","","","48211",0
"11980","","206","Athens, TX","Micropolitan Statistical Area","","Dallas-Fort Worth, TX-OK","Henderson County","Texas","TX","48","213","Central","48213",1
"32580","","365","McAllen-Edinburg-Mission, TX","Metropolitan Statistical Area","","McAllen-Edinburg, TX","Hidalgo County","Texas","TX","48","215","Central","48215",1
"","","","","","","","Hill County","","TX","","","","48217",0
"31180","","352","Lubbock, TX","Metropolitan Statistical Area","","Lubbock-Plainview, TX","Hockley County","Texas","TX","48","219","Outlying","48219",1
"24180","","206","Granbury, TX","Micropolitan Statistical Area","","Dallas-Fort Worth, TX-OK","Hood County","Texas","TX","48","221","Central","48221",1
"44860","","206","Sulphur Springs, TX","Micropolitan Statistical Area","","Dallas-Fort Worth, TX-OK","Hopkins County","Texas","TX","48","223","Central","48223",1
"","","","","","","","Houston County","","TX","","","","48225",0
"13700","","","Big Spring, TX","Micropolitan Statistical Area","","","Howard County","Texas","TX","48","227","Central","48227",1
"21340","","238","El Paso, TX","Metropolitan Statistical Area","","El Paso-Las Cruces, TX-NM","Hudspeth County","Texas","TX","48","229","Outlying","48229",1
"19100","19124","206","Dallas-Fort Worth-Arlington, TX","Metropolitan Statistical Area","Dallas-Plano-Irving, TX","Dallas-Fort Worth, TX-OK","Hunt County","Texas","TX","48","231","Outlying","48231",1
"14420","","108","Borger, TX","Micropolitan Statistical Area","","Amarillo-Borger, TX","Hutchinson County","Texas","TX","48","233","Central","48233",1
"41660","","","San Angelo, TX","Metropolitan Statistical Area","","","Irion County","Texas","TX","48","235","Outlying","48235",1
"","","","","","","","Jack County","","TX","","","","48237",0
"","","","","","","","Jackson County","","TX","","","","48239",0
"","","","","","","","Jasper County","","TX","","","","48241",0
"","","","","","","","Jeff Davis County","","TX","","","","48243",0
"13140","","","Beaumont-Port Arthur, TX","Metropolitan Statistical Area","","","Jefferson County","Texas","TX","48","245","Central","48245",1
"","","","","","","","Jim Hogg County","","TX","","","","48247",0
"10860","","204","Alice, TX","Micropolitan Statistical Area","","Corpus Christi-Kingsville-Alice, TX","Jim Wells County","Texas","TX","48","249","Central","48249",1
"19100","23104","206","Dallas-Fort Worth-Arlington, TX","Metropolitan Statistical Area","Fort Worth-Arlington-Grapevine, TX","Dallas-Fort Worth, TX-OK","Johnson County","Texas","TX","48","251","Central","48251",1
"10180","","101","Abilene, TX","Metropolitan Statistical Area","","Abilene-Sweetwater, TX","Jones County","Texas","TX","48","253","Outlying","48253",1
"","","","","","","","Karnes County","","TX","","","","48255",0
"19100","19124","206","Dallas-Fort Worth-Arlington, TX","Metropolitan Statistical Area","Dallas-Plano-Irving, TX","Dallas-Fort Worth, TX-OK","Kaufman County","Texas","TX","48","257","Outlying","48257",1
"41700","","484","San Antonio-New Braunfels, TX","Metropolitan Statistical Area","","San Antonio-New Braunfels-Kerrville, TX","Kendall County","Texas","TX","48","259","Outlying","48259",1
"","","","","","","","Kenedy County","","TX","","","","48261",0
"","","","","","","","Kent County","","TX","","","","48263",0
"28500","","484","Kerrville, TX","Micropolitan Statistical Area","","San Antonio-New Braunfels-Kerrville, TX","Kerr County","Texas","TX","48","265","Central","48265",1
"","","","","","","","Kimble County","","TX","","","","48267",0
"","","","","","","","King County","","TX","","","","48269",0
"","","","","","","","Kinney County","","TX","","","","48271",0
"28780","","204","Kingsville, TX","Micropolitan Statistical Area","","Corpus Christi-Kingsville-Alice, TX","Kleberg County","Texas","TX","48","273","Central","48273",1
"","","","","","","","Knox County","","TX","","","","48275",0
"37580","","","Paris, TX","Micropolitan Statistical Area","","","Lamar County","Texas","TX","48","277","Central","48277",1
"","","","","","","","Lamb County","","TX","","","","48279",0
"28660","","","Killeen-Temple, TX","Metropolitan Statistical Area","","","Lampasas County","Texas","TX","48","281","Outlying","48281",1
"","","","","","","","La Salle County","","TX","","","","48283",0
"","","","","","","","Lavaca County","","TX","","","","48285",0
"","","","","","","","Lee County","","TX","","","","48287",0
"","","","","","","","Leon County","","TX","","","","48289",0
"26420","","288","Houston-Pasadena-The Woodlands, TX","Metropolitan Statistical Area","","Houston-Pasadena, TX","Liberty County","Texas","TX","48","291","Outlying","48291",1
"","","","","","","","Limestone County","","TX","","","","48293",0
"","","","","","","","Lipscomb County","","TX","","","","48295",0
"","","","","","","","Live Oak County","","TX","","","","48297",0
"","","","","","","","Llano County","","TX","","","","48299",0
"","","","","","","","Loving County","","TX","","","","48301",0
"31180","","352","Lubbock, TX","Metropolitan Statistical Area","","Lubbock-Plainview, TX","Lubbock County","Texas","TX","48","303","Central","48303",1
"31180","","352","Lubbock, TX","Metropolitan Statistical Area","","Lubbock-Plainview, TX","Lynn County","Texas","TX","48","305","Outlying","48305",1
"","","","","","","","McCulloch County","","TX","","","","48307",0
"47380","","","Waco, TX","Metropolitan Statistical Area","","","McLennan County","Texas","TX","48","309","Central","48309",1
"","","","","","","","McMullen County","","TX","","","","48311",0
"","","","","","","","Madison County","","TX","","","","48313",0
"","","","","","","","Marion County","","TX","","","","48315",0
"33260","","372","Midland, TX","Metropolitan Statistical Area","","Midland-Odessa-Andrews, TX","Martin County","Texas","TX","48","317","Outlying","48317",1
"","","","","","","","Mason County","","TX","","","","48319",0
"13060","","288","Bay City, TX","Micropolitan Statistical Area","","Houston-Pasadena, TX","Matagorda County","Texas","TX","48","321","Central","48321",1
"20580","","","Eagle Pass, TX","Metropolitan Statistical Area","","","Maverick County","Texas","TX","48","323","Central","48323",1
"41700","","484","San Antonio-New Braunfels, TX","Metropolitan Statistical Area","","San Antonio-New Braunfels-Kerrville, TX","Medina County","Texas","TX","48","325","Outlying","48325",1
"","","","","","","","Menard County","","TX","","","","48327",0
"33260","","372","Midland, TX","Metropolitan Statistical Area","","Midland-Odessa-Andrews, TX","Midland County","Texas","TX","48","329","Central","48329",1
"","","","","","","","Milam County","","TX","","","","48331",0
"","","","","","","","Mills County","","TX","","","","48333",0
"","","","","","","","Mitchell County","","TX","","","","48335",0
"","","","","","","","Montague County","","TX","","","","48337",0
"26420","","288","Houston-Pasadena-The Woodlands, TX","Metropolitan Statistical Area","","Houston-Pasadena, TX","Montgomery County","Texas","TX","48","339","Outlying","48339",1
"20300","","","Dumas, TX","Micropolitan Statistical Area","","","Moore County","Texas","TX","48","341","Central","48341",1
"34420","","","Mount Pleasant, TX","Micropolitan Statistical Area","","","Morris County","Texas","TX","48","343","Outlying","48343",1
"","","","","","","","Motley County","","TX","","","","48345",0
"34860","","","Nacogdoches, TX","Micropolitan Statistical Area","","","Nacogdoches County","Texas","TX","48","347","Central","48347",1
"18620","","206","Corsicana, TX","Micropolitan Statistical Area","","Dallas-Fort Worth, TX-OK","Navarro County","Texas","TX","48","349","Central","48349",1
"","","","","","","","Newton County","","TX","","","","48351",0
"45020","","101","Sweetwater, TX","Micropolitan Statistical Area","","Abilene-Sweetwater, TX","Nolan County","Texas","TX","48","353","Central","48353",1
"18580","","204","Corpus Christi, TX","Metropolitan Statistical Area","","Corpus Christi-Kingsville-Alice, TX","Nueces County","Texas","TX","48","355","Central","48355",1
"","","","","","","","Ochiltree County","","TX","","","","48357",0
"11100","","108","Amarillo, TX","Metropolitan Statistical Area","","Amarillo-Borger, TX","Oldham County","Texas","TX","48","359","Outlying","48359",1
"13140","","","Beaumont-Port Arthur, TX","Metropolitan Statistical Area","","","Orange County","Texas","TX","48","361","Outlying","48361",1
"33420","","206","Mineral Wells, TX","Micropolitan Statistical Area","","Dallas-Fort Worth, TX-OK","Palo Pinto County","Texas","TX","48","363","Central","48363",1
"","","","","","","","Panola County","","TX","","","","48365",0
"19100","23104","206","Dallas-Fort Worth-Arlington, TX","Metropolitan Statistical Area","Fort Worth-Arlington-Grapevine, TX","Dallas-Fort Worth, TX-OK","Parker County","Texas","TX","48","367","Outlying","48367",1
"","","","","","","","Parmer County","","TX","","","","48369",0
"","","","","","","","Pecos County","","TX","","","","48371",0
"","","","","","","","Polk County","","TX","","","","48373",0
"11100","","108","Amarillo, TX","Metropolitan Statistical Area","","Amarillo-Borger, TX","Potter County","Texas","TX","48","375","Central","48375",1
"","","","","","","","Presidio County","","TX","","","","48377",0
"","","","","","","","Rains County","","TX","","","","48379",0
"11100","","108","Amarillo, TX","Metropolitan Statistical Area","","Amarillo-Borger, TX","Randall County","Texas","TX","48","381","Central","48381",1
"","","","","","","","Reagan County","","TX","","","","48383",0
"","","","","","","","Real County","","TX","","","","48385",0
"37580","","","Paris, TX","Micropolitan Statistical Area","","","Red River County","Texas","TX","48","387","Outlying","48387",1
"45880","","","Town of Pecos, TX","Micropolitan Statistical Area","","","Reeves County","Texas","TX","48","389","Central","48389",1
"","","","","","","","Refugio County","","TX","","","","48391",0
"37420","","","Pampa, TX","Micropolitan Statistical Area","","","Roberts County","Texas","TX","48","393","Outlying","48393",1
"17780","","","College Station-Bryan, TX","Metropolitan Statistical Area","","","Robertson County","Texas","TX","48","395","Outlying","48395",1
"19100","19124","206","Dallas-Fort Worth-Arlington, TX","Metropolitan Statistical Area","Dallas-Plano-Irving, TX","Dallas-Fort Worth, TX-OK","Rockwall County","Texas","TX","48","397","Central","48397",1
"","","","","","","","Runnels County","","TX","","","","48399",0
"30980","","","Longview, TX","Metropolitan Statistical Area","","","Rusk County","Texas","TX","48","401","Outlying","48401",1
"","","","","","","","Sabine County","","TX","","","","48403",0
"","","","","","","","San Augustine County","","TX","","","","48405",0
"26420","","288","Houston-Pasadena-The Woodlands, TX","Metropolitan Statistical Area","","Houston-Pasadena, TX","San Jacinto County","Texas","TX","48","407","Outlying","48407",1
"18580","","204","Corpus Christi, TX","Metropolitan Statistical Area","","Corpus Christi-Kingsville-Alice, TX","San Patricio County","Texas","TX","48","409","Central","48409",1
"","","","","","","","San Saba County","","TX","","","","48411",0
"","","","","","","","Schleicher County","","TX","","","","48413",0
"43660","","","Snyder, TX","Micropolitan Statistical Area","","","Scurry County","Texas","TX","48","415","Central","48415",1
"","","","","","","","Shackelford County","","TX","","","","48417",0
"","","","","","","","Shelby County","","TX","","","","48419",0
"","","","","","","","Sherman County","","TX","","","","48421",0
"46340","","540","Tyler, TX","Metropolitan Statistical Area","","Tyler-Jacksonville, TX","Smith County","Texas","TX","48","423","Central","48423",1
"","","","","","","","Somervell County","","TX","","","","48425",0
"40100","","365","Rio Grande City-Roma, TX","Micropolitan Statistical Area","","McAllen-Edinburg, TX","Starr County","Texas","TX","48","427","Central","48427",1
"","","","","","","","Stephens County","","TX","","","","48429",0
"","","","","","","","Sterling County","","TX","","","","48431",0
"","","","","","","","Stonewall County","","TX","","","","48433",0
"","","","","","","","Sutton County","","TX","","","","48435",0
"","","","","","","","Swisher County","","TX","","","","48437",0
"19100","23104","206","Dallas-Fort Worth-Arlington, TX","Metropolitan Statistical Area","Fort Worth-Arlington-Grapevine, TX","Dallas-Fort Worth, TX-OK","Tarrant County","Texas","TX","48","439","Central","48439",1
"10180","","101","Abilene, TX","Metropolitan Statistical Area","","Abilene-Sweetwater, TX","Taylor County","Texas","TX","48","441","Central","48441",1
"","","","","","","","Terrell County","","TX","","","","48443",0
"","","","","","","","Terry County","","TX","","","","48445",0
"","","","","","","","Throckmorton County","","TX","","","","48447",0
"34420","","","Mount Pleasant, TX","Micropolitan Statistical Area","","","Titus County","Texas","TX","48","449","Central","48449",1
"41660","","","San Angelo, TX","Metropolitan Statistical Area","","","Tom Green County","Texas","TX","48","451","Central","48451",1
"12420","","","Austin-Round Rock-San Marcos, TX","Metropolitan Statistical Area","","","Travis County","Texas","TX","48","453","Central","48453",1
"","","","","","","","Trinity County","","TX","","","","48455",0
"","","","","","","","Tyler County","","TX","","","","48457",0
"30980","","","Longview, TX","Metropolitan Statistical Area","","","Upshur County","Texas","TX","48","459","Outlying","48459",1
"","","","","","","","Upton County","","TX","","","","48461",0
"46620","","","Uvalde, TX","Micropolitan Statistical Area","","","Uvalde County","Texas","TX","48","463","Central","48463",1
"19620","","","Del Rio, TX","Micropolitan Statistical Area","","","Val Verde County","Texas","TX","48","465","Central","48465",1
"","","","","","","","Van Zandt County","","TX","","","","48467",0
"47020","","544","Victoria, TX","Metropolitan Statistical Area","","Victoria-Port Lavaca, TX","Victoria County","Texas","TX","48","469","Central","48469",1
"26660","","288","Huntsville, TX","Micropolitan Statistical Area","","Houston-Pasadena, TX","Walker County","Texas","TX","48","471","Central","48471",1
"26420","","288","Houston-Pasadena-The Woodlands, TX","Metropolitan Statistical Area","","Houston-Pasadena, TX","Waller County","Texas","TX","48","473","Central","48473",1
"","","","","","","","Ward County","","TX","","","","48475",0
"14780","","288","Brenham, TX","Micropolitan Statistical Area","","Houston-Pasadena, TX","Washington County","Texas","TX","48","477","Central","48477",1
"29700","","","Laredo, TX","Metropolitan Statistical Area","","","Webb County","Texas","TX","48","479","Central","48479",1
"20900","","288","El Campo, TX","Micropolitan Statistical Area","","Houston-Pasadena, TX","Wharton County","Texas","TX","48","481","Central","48481",1
"","","","","","","","Wheeler County","","TX","","","","48483",0
"48660","","","Wichita Falls, TX","Metropolitan Statistical Area","","","Wichita County","Texas","TX","48","485","Central","48485",1
"46900","","","Vernon, TX","Micropolitan Statistical Area","","","Wilbarger County","Texas","TX","48","487","Central","48487",1
"39700","","154","Raymondville, TX","Micropolitan Statistical Area","","Brownsville-Harlingen-Raymondville, TX","Willacy County","Texas","TX","48","489","Central","48489",1
"12420","","","Austin-Round Rock-San Marcos, TX","Metropolitan Statistical Area","","","Williamson County","Texas","TX","48","491","Central","48491",1
"41700","","484","San Antonio-New Braunfels, TX","Metropolitan Statistical Area","","San Antonio-New Braunfels-Kerrville, TX","Wilson County","Texas","TX","48","493","Outlying","48493",1
"","","","","","","","Winkler County","","TX","","","","48495",0
"19100","23104","206","Dallas-Fort Worth-Arlington, TX","Metropolitan Statistical Area","Fort Worth-Arlington-Grapevine, TX","Dallas-Fort Worth, TX-OK","Wise County","Texas","TX","48","497","Outlying","48497",1
"","","","","","","","Wood County","","TX","","","","48499",0
"","","","","","","","Yoakum County","","TX","","","","48501",0
"","","","","","","","Young County","","TX","","","","48503",0
"49820","","","Zapata, TX","Micropolitan Statistical Area","","","Zapata County","Texas","TX","48","505","Central","48505",1
"","","","","","","","Zavala County","","TX","","","","48507",0
"","","","","","","","Beaver County","","UT","","","","49001",0
"14940","","482","Brigham City, UT-ID","Micropolitan Statistical Area","","Salt Lake City-Provo-Orem, UT-ID","Box Elder County","Utah","UT","49","003","Central","49003",1
"30860","","","Logan, UT-ID","Metropolitan Statistical Area","","","Cache County","Utah","UT","49","005","Central","49005",1
"39220","","","Price, UT","Micropolitan Statistical Area","","","Carbon County","Utah","UT","49","007","Central","49007",1
"","","","","","","","Daggett County","","UT","","","","49009",0
"36260","","482","Ogden, UT","Metropolitan Statistical Area","","Salt Lake City-Provo-Orem, UT-ID","Davis County","Utah","UT","49","011","Central","49011",1
"","","","","","","","Duchesne County","","UT","","","","49013",0
"","","","","","","","Emery County","","UT","","","","49015",0
"","","","","","","","Garfield County","","UT","","","","49017",0
"","","","","","","","Grand County","","UT","","","","49019",0
"16260","","","Cedar City, UT","Micropolitan Statistical Area","","","Iron County","Utah","UT","49","021","Central","49021",1
"39340","","482","Provo-Orem-Lehi, UT","Metropolitan Statistical Area","","Salt Lake City-Provo-Orem, UT-ID","Juab County","Utah","UT","49","023","Outlying","49023",1
"","","","","","","","Kane County","","UT","","","","49025",0
"","","","","","","","Millard County","","UT","","","","49027",0
"36260","","482","Ogden, UT","Metropolitan Statistical Area","","Salt Lake City-Provo-Orem, UT-ID","Morgan County","Utah","UT","49","029","Outlying","49029",1
"","","","","","","","Piute County","","UT","","","","49031",0
"21740","","","Evanston, WY-UT","Micropolitan Statistical Area","","","Rich County","Utah","UT","49","033","Outlying","49033",1
"41620","","482","Salt Lake City-Murray, UT","Metropolitan Statistical Area","","Salt Lake City-Provo-Orem, UT-ID","Salt Lake County","Utah","UT","49","035","Central","49035",1
"","","","","","","","San Juan County","","UT","","","","49037",0
"","","","","","","","Sanpete County","","UT","","","","49039",0
"","","","","","","","Sevier County","","UT","","","","49041",0
"25720","","482","Heber, UT","Micropolitan Statistical Area","","Salt Lake City-Provo-Orem, UT-ID","Summit County","Utah","UT","49","043","Central","49043",1
"41620","","482","Salt Lake City-Murray, UT","Metropolitan Statistical Area","","Salt Lake City-Provo-Orem, UT-ID","Tooele County","Utah","UT","49","045","Outlying","49045",1
"46860","","","Vernal, UT","Micropolitan Statistical Area","","","Uintah County","Utah","UT","49","047","Central","49047",1
"39340","","482","Provo-Orem-Lehi, UT","Metropolitan Statistical Area","","Salt Lake City-Provo-Orem, UT-ID","Utah County","Utah","UT","49","049","Central","49049",1
"25720","","482","Heber, UT","Micropolitan Statistical Area","","Salt Lake City-Provo-Orem, UT-ID","Wasatch County","Utah","UT","49","051","Outlying","49051",1
"41100","","","St. George, UT","Metropolitan Statistical Area","","","Washington County","Utah","UT","49","053","Central","49053",1
"","","","","","","","Wayne County","","UT","","","","49055",0
"36260","","482","Ogden, UT","Metropolitan Statistical Area","","Salt Lake City-Provo-Orem, UT-ID","Weber County","Utah","UT","49","057","Central","49057",1
"","","","","","","","Addison County","","VT","","","","50001",0
"13540","","","Bennington, VT","Micropolitan Statistical Area","","","Bennington County","Vermont","VT","50","003","Central","50003",1
"","","","","","","","Caledonia County","","VT","","","","50005",0
"15540","","162","Burlington-South Burlington, VT","Metropolitan Statistical Area","","Burlington-South Burlington-Barre, VT","Chittenden County","Vermont","VT","50","007","Central","50007",1
"","","","","","","","Essex County","","VT","","","","50009",0
"15540","","162","Burlington-South Burlington, VT","Metropolitan Statistical Area","","Burlington-South Burlington-Barre, VT","Franklin County","Vermont","VT","50","011","Outlying","50011",1
"15540","","162","Burlington-South Burlington, VT","Metropolitan Statistical Area","","Burlington-South Burlington-Barre, VT","Grand Isle County","Vermont","VT","50","013","Outlying","50013",1
"","","","","","","","Lamoille County","","VT","","","","50015",0
"30150","","","Lebanon-Claremont, NH-VT","Micropolitan Statistical Area","","","Orange County","Vermont","VT","50","017","Outlying","50017",1
"","","","","","","","Orleans County","","VT","","","","50019",0
"40860","","","Rutland, VT","Micropolitan Statistical Area","","","Rutland County","Vermont","VT","50","021","Central","50021",1
"12740","","162","Barre, VT","Micropolitan Statistical Area","","Burlington-South Burlington-Barre, VT","Washington County","Vermont","VT","50","023","Central","50023",1
"14710","","313","Brattleboro, VT","Micropolitan Statistical Area","","Keene-Brattleboro, NH-VT","Windham County","Vermont","VT","50","025","Central","50025",1
"30150","","","Lebanon-Claremont, NH-VT","Micropolitan Statistical Area","","","Windsor County","Vermont","VT","50","027","Central","50027",1
"","","","","","","","Accomack County","","VA","","","","51001",0
"16820","","","Charlottesville, VA","Metropolitan Statistical Area","","","Albemarle County","Virginia","VA","51","003","Central","51003",1
"","","","","","","","Alleghany County","","VA","","","","51005",0
"40060","","","Richmond, VA","Metropolitan Statistical Area","","","Amelia County","Virginia","VA","51","007","Outlying","51007",1
"31340","","","Lynchburg, VA","Metropolitan Statistical Area","","","Amherst County","Virginia","VA","51","009","Central","51009",1
"31340","","","Lynchburg, VA","Metropolitan Statistical Area","","","Appomattox County","Virginia","VA","51","011","Outlying","51011",1
"47900","11694","548","Washington-Arlington-Alexandria, DC-VA-MD-WV","Metropolitan Statistical Area","Arlington-Alexandria-Reston, VA-WV","Washington-Baltimore-Arlington, DC-MD-VA-WV-PA","Arlington County","Virginia","VA","51","013","Central","51013",1
"44420","","277","Staunton-Stuarts Draft, VA","Metropolitan Statistical Area","","Harrisonburg-Staunton-Stuarts Draft, VA","Augusta County","Virginia","VA","51","015","Central","51015",1
"","","","","","","","Bath County","","VA","","","","51017",0
"31340","","","Lynchburg, VA","Metropolitan Statistical Area","","","Bedford County","Virginia","VA","51","019","Central","51019",1
"","","","","","","","Bland County","","VA","","","","51021",0
"40220","","","Roanoke, VA","Metropolitan Statistical Area","","","Botetourt County","Virginia","VA","51","023","Central","51023",1
"","","","","","","","Brunswick County","","VA","","","","51025",0
"","","","","","","","Buchanan County","","VA","","","","51027",0
"","","","","","","","Buckingham County","","VA","","","","51029",0
"31340","","","Lynchburg, VA","Metropolitan Statistical Area","","","Campbell County","Virginia","VA","51","031","Central","51031",1
"","","","","","","","Caroline County","","VA","","","","51033",0
"","","","","","","","Carroll County","","VA","","","","51035",0
"40060","","","Richmond, VA","Metropolitan Statistical Area","","","Charles City County","Virginia","VA","51","036","Outlying","51036",1
"","","","","","","","Charlotte County","","VA","","","","51037",0
"40060","","","Richmond, VA","Metropolitan Statistical Area","","","Chesterfield County","Virginia","VA","51","041","Central","51041",1
"47900","11694","548","Washington-Arlington-Alexandria, DC-VA-MD-WV","Metropolitan Statistical Area","Arlington-Alexandria-Reston, VA-WV","Washington-Baltimore-Arlington, DC-MD-VA-WV-PA","Clarke County","Virginia","VA","51","043","Outlying","51043",1
"40220","","","Roanoke, VA","Metropolitan Statistical Area","","","Craig County","Virginia","VA","51","045","Outlying","51045",1
"47900","11694","548","Washington-Arlington-Alexandria, DC-VA-MD-WV","Metropolitan Statistical Area","Arlington-Alexandria-Reston, VA-WV","Washington-Baltimore-Arlington, DC-MD-VA-WV-PA","Culpeper County","Virginia","VA","51","047","Outlying","51047",1
"","","","","","","","Cumberland County","","VA","","","","51049",0
"","","","","","","","Dickenson County","","VA","","","","51051",0
"40060","","","Richmond, VA","Metropolitan Statistical Area","","","Dinwiddie County","Virginia","VA","51","053","Central","51053",1
"","","","","","","","Essex County","","VA","","","","51057",0
"47900","11694","548","Washington-Arlington-Alexandria, DC-VA-MD-WV","Metropolitan Statistical Area","Arlington-Alexandria-Reston, VA-WV","Washington-Baltimore-Arlington, DC-MD-VA-WV-PA","Fairfax County","Virginia","VA","51","059","Central","51059",1
"47900","11694","548","Washington-Arlington-Alexandria, DC-VA-MD-WV","Metropolitan Statistical Area","Arlington-Alexandria-Reston, VA-WV","Washington-Baltimore-Arlington, DC-MD-VA-WV-PA","Fauquier County","Virginia","VA","51","061","Outlying","51061",1
"13980","","","Blacksburg-Christiansburg-Radford, VA","Metropolitan Statistical Area","","","Floyd County","Virginia","VA","51","063","Outlying","51063",1
"16820","","","Charlottesville, VA","Metropolitan Statistical Area","","","Fluvanna County","Virginia","VA","51","065","Outlying","51065",1
"40220","","","Roanoke, VA","Metropolitan Statistical Area","","","Franklin County","Virginia","VA","51","067","Outlying","51067",1
"49020","","548","Winchester, VA-WV","Metropolitan Statistical Area","","Washington-Baltimore-Arlington, DC-MD-VA-WV-PA","Frederick County","Virginia","VA","51","069","Central","51069",1
"13980","","","Blacksburg-Christiansburg-Radford, VA","Metropolitan Statistical Area","","","Giles County","Virginia","VA","51","071","Outlying","51071",1
"47260","","545","Virginia Beach-Chesapeake-Norfolk, VA-NC","Metropolitan Statistical Area","","Virginia Beach-Chesapeake, VA-NC","Gloucester County","Virginia","VA","51","073","Central","51073",1
"40060","","","Richmond, VA","Metropolitan Statistical Area","","","Goochland County","Virginia","VA","51","075","Outlying","51075",1
"","","","","","","","Grayson County","","VA","","","","51077",0
"16820","","","Charlottesville, VA","Metropolitan Statistical Area","","","Greene County","Virginia","VA","51","079","Outlying","51079",1
"","","","","","","","Greensville County","","VA","","","","51081",0
"","","","","","","","Halifax County","","VA","","","","51083",0
"40060","","","Richmond, VA","Metropolitan Statistical Area","","","Hanover County","Virginia","VA","51","085","Central","51085",1
"40060","","","Richmond, VA","Metropolitan Statistical Area","","","Henrico County","Virginia","VA","51","087","Central","51087",1
"32300","","","Martinsville, VA","Micropolitan Statistical Area","","","Henry County","Virginia","VA","51","089","Central","51089",1
"","","","","","","","Highland County","","VA","","","","51091",0
"47260","","545","Virginia Beach-Chesapeake-Norfolk, VA-NC","Metropolitan Statistical Area","","Virginia Beach-Chesapeake, VA-NC","Isle of Wight County","Virginia","VA","51","093","Central","51093",1
"47260","","545","Virginia Beach-Chesapeake-Norfolk, VA-NC","Metropolitan Statistical Area","","Virginia Beach-Chesapeake, VA-NC","James City County","Virginia","VA","51","095","Outlying","51095",1
"40060","","","Richmond, VA","Metropolitan Statistical Area","","","King and Queen County","Virginia","VA","51","097","Outlying","51097",1
"","","","","","","","King George County","","VA","","","","51099",0
"40060","","","Richmond, VA","Metropolitan Statistical Area","","","King William County","Virginia","VA","51","101","Outlying","51101",1
"","","","","","","","Lancaster County","","VA","","","","51103",0
"","","","","","","","Lee County","","VA","","","","51105",0
"47900","11694","548","Washington-Arlington-Alexandria, DC-VA-MD-WV","Metropolitan Statistical Area","Arlington-Alexandria-Reston, VA-WV","Washington-Baltimore-Arlington, DC-MD-VA-WV-PA","Loudoun County","Virginia","VA","51","107","Central","51107",1
"","","","","","","","Louisa County","","VA","","","","51109",0
"","","","","","","","Lunenburg County","","VA","","","","51111",0
"","","","","","","","Madison County","","VA","","","","51113",0
"47260","","545","Virginia Beach-Chesapeake-Norfolk, VA-NC","Metropolitan Statistical Area","","Virginia Beach-Chesapeake, VA-NC","Mathews County","Virginia","VA","51","115","Outlying","51115",1
"","","","","","","","Mecklenburg County","","VA","","","","51117",0
"","","","","","","","Middlesex County","","VA","","","","51119",0
"13980","","","Blacksburg-Christiansburg-Radford, VA","Metropolitan Statistical Area","","","Montgomery County","Virginia","VA","51","121","Central","51121",1
"16820","","","Charlottesville, VA","Metropolitan Statistical Area","","","Nelson County","Virginia","VA","51","125","Outlying","51125",1
"40060","","","Richmond, VA","Metropolitan Statistical Area","","","New Kent County","Virginia","VA","51","127","Outlying","51127",1
"","","","","","","","Northampton County","","VA","","","","51131",0
"","","","","","","","Northumberland County","","VA","","","","51133",0
"","","","","","","","Nottoway County","","VA","","","","51135",0
"29470","","548","Lake of the Woods, VA","Micropolitan Statistical Area","","Washington-Baltimore-Arlington, DC-MD-VA-WV-PA","Orange County","Virginia","VA","51","137","Central","51137",1
"","","","","","","","Page County","","VA","","","","51139",0
"","","","","","","","Patrick County","","VA","","","","51141",0
"19260","","","Danville, VA","Micropolitan Statistical Area","","","Pittsylvania County","Virginia","VA","51","143","Central","51143",1
"40060","","","Richmond, VA","Metropolitan Statistical Area","","","Powhatan County","Virginia","VA","51","145","Outlying","51145",1
"","","","","","","","Prince Edward County","","VA","","","","51147",0
"40060","","","Richmond, VA","Metropolitan Statistical Area","","","Prince George County","Virginia","VA","51","149","Central","51149",1
"47900","11694","548","Washington-Arlington-Alexandria, DC-VA-MD-WV","Metropolitan Statistical Area","Arlington-Alexandria-Reston, VA-WV","Washington-Baltimore-Arlington, DC-MD-VA-WV-PA","Prince William County","Virginia","VA","51","153","Central","51153",1
"13980","","","Blacksburg-Christiansburg-Radford, VA","Metropolitan Statistical Area","","","Pulaski County","Virginia","VA","51","155","Outlying","51155",1
"47900","11694","548","Washington-Arlington-Alexandria, DC-VA-MD-WV","Metropolitan Statistical Area","Arlington-Alexandria-Reston, VA-WV","Washington-Baltimore-Arlington, DC-MD-VA-WV-PA","Rappahannock County","Virginia","VA","51","157","Outlying","51157",1
"","","","","","","","Richmond County","","VA","","","","51159",0
"40220","","","Roanoke, VA","Metropolitan Statistical Area","","","Roanoke County","Virginia","VA","51","161","Central","51161",1
"","","","","","","","Rockbridge County","","VA","","","","51163",0
"25500","","277","Harrisonburg, VA","Metropolitan Statistical Area","","Harrisonburg-Staunton-Stuarts Draft, VA","Rockingham County","Virginia","VA","51","165","Central","51165",1
"","","","","","","","Russell County","","VA","","","","51167",0
"28700","","304","Kingsport-Bristol, TN-VA","Metropolitan Statistical Area","","Johnson City-Kingsport-Bristol, TN-VA","Scott County","Virginia","VA","51","169","Outlying","51169",1
"","","","","","","","Shenandoah County","","VA","","","","51171",0
"","","","","","","","Smyth County","","VA","","","","51173",0
"","","","","","","","Southampton County","","VA","","","","51175",0
"47900","11694","548","Washington-Arlington-Alexandria, DC-VA-MD-WV","Metropolitan Statistical Area","Arlington-Alexandria-Reston, VA-WV","Washington-Baltimore-Arlington, DC-MD-VA-WV-PA","Spotsylvania County","Virginia","VA","51","177","Outlying","51177",1
"47900","11694","548","Washington-Arlington-Alexandria, DC-VA-MD-WV","Metropolitan Statistical Area","Arlington-Alexandria-Reston, VA-WV","Washington-Baltimore-Arlington, DC-MD-VA-WV-PA","Stafford County","Virginia","VA","51","179","Central","51179",1
"47260","","545","Virginia Beach-Chesapeake-Norfolk, VA-NC","Metropolitan Statistical Area","","Virginia Beach-Chesapeake, VA-NC","Surry County","Virginia","VA","51","181","Outlying","51181",1
"40060","","","Richmond, VA","Metropolitan Statistical Area","","","Sussex County","Virginia","VA","51","183","Outlying","51183",1
"14140","","","Bluefield, WV-VA","Micropolitan Statistical Area","","","Tazewell County","Virginia","VA","51","185","Central","51185",1
"47900","11694","548","Washington-Arlington-Alexandria, DC-VA-MD-WV","Metropolitan Statistical Area","Arlington-Alexandria-Reston, VA-WV","Washington-Baltimore-Arlington, DC-MD-VA-WV-PA","Warren County","Virginia","VA","51","187","Outlying","51187",1
"28700","","304","Kingsport-Bristol, TN-VA","Metropolitan Statistical Area","","Johnson City-Kingsport-Bristol, TN-VA","Washington County","Virginia","VA","51","191","Outlying","51191",1
"","","","","","","","Westmoreland County","","VA","","","","51193",0
"","","","","","","","Wise County","","VA","","","","51195",0
"","","","","","","","Wythe County","","VA","","","","51197",0
"47260","","545","Virginia Beach-Chesapeake-Norfolk, VA-NC","Metropolitan Statistical Area","","Virginia Beach-Chesapeake, VA-NC","York County","Virginia","VA","51","199","Central","51199",1
"47900","11694","548","Washington-Arlington-Alexandria, DC-VA-MD-WV","Metropolitan Statistical Area","Arlington-Alexandria-Reston, VA-WV","Washington-Baltimore-Arlington, DC-MD-VA-WV-PA","Alexandria city","Virginia","VA","51","510","Central","51510",1
"28700","","304","Kingsport-Bristol, TN-VA","Metropolitan Statistical Area","","Johnson City-Kingsport-Bristol, TN-VA","Bristol city","Virginia","VA","51","520","Outlying","51520",1
"","","","","","","","Buena Vista city","","VA","","","","51530",0
"16820","","","Charlottesville, VA","Metropolitan Statistical Area","","","Charlottesville city","Virginia","VA","51","540","Central","51540",1
"47260","","545","Virginia Beach-Chesapeake-Norfolk, VA-NC","Metropolitan Statistical Area","","Virginia Beach-Chesapeake, VA-NC","Chesapeake city","Virginia","VA","51","550","Central","51550",1
"40060","","","Richmond, VA","Metropolitan Statistical Area","","","Colonial Heights city","Virginia","VA","51","570","Central","51570",1
"","","","","","","","Covington city","","VA","","","","51580",0
"19260","","","Danville, VA","Micropolitan Statistical Area","","","Danville city","Virginia","VA","51","590","Central","51590",1
"","","","","","","","Emporia city","","VA","","","","51595",0
"47900","11694","548","Washington-Arlington-Alexandria, DC-VA-MD-WV","Metropolitan Statistical Area","Arlington-Alexandria-Reston, VA-WV","Washington-Baltimore-Arlington, DC-MD-VA-WV-PA","Fairfax city","Virginia","VA","51","600","Central","51600",1
"47900","11694","548","Washington-Arlington-Alexandria, DC-VA-MD-WV","Metropolitan Statistical Area","Arlington-Alexandria-Reston, VA-WV","Washington-Baltimore-Arlington, DC-MD-VA-WV-PA","Falls Church city","Virginia","VA","51","610","Central","51610",1
"","","","","","","","Franklin city","","VA","","","","51620",0
"47900","11694","548","Washington-Arlington-Alexandria, DC-VA-MD-WV","Metropolitan Statistical Area","Arlington-Alexandria-Reston, VA-WV","Washington-Baltimore-Arlington, DC-MD-VA-WV-PA","Fredericksburg city","Virginia","VA","51","630","Outlying","51630",1
"","","","","","","","Galax city","","VA","","","","51640",0
"47260","","545","Virginia Beach-Chesapeake-Norfolk, VA-NC","Metropolitan Statistical Area","","Virginia Beach-Chesapeake, VA-NC","Hampton city","Virginia","VA","51","650","Central","51650",1
"25500","","277","Harrisonburg, VA","Metropolitan Statistical Area","","Harrisonburg-Staunton-Stuarts Draft, VA","Harrisonburg city","Virginia","VA","51","660","Central","51660",1
"40060","","","Richmond, VA","Metropolitan Statistical Area","","","Hopewell city","Virginia","VA","51","670","Central","51670",1
"","","","","","","","Lexington city","","VA","","","","51678",0
"31340","","","Lynchburg, VA","Metropolitan Statistical Area","","","Lynchburg city","Virginia","VA","51","680","Central","51680",1
"47900","11694","548","Washington-Arlington-Alexandria, DC-VA-MD-WV","Metropolitan Statistical Area","Arlington-Alexandria-Reston, VA-WV","Washington-Baltimore-Arlington, DC-MD-VA-WV-PA","Manassas city","Virginia","VA","51","683","Central","51683",1
"47900","11694","548","Washington-Arlington-Alexandria, DC-VA-MD-WV","Metropolitan Statistical Area","Arlington-Alexandria-Reston, VA-WV","Washington-Baltimore-Arlington, DC-MD-VA-WV-PA","Manassas Park city","Virginia","VA","51","685","Central","51685",1
"32300","","","Martinsville, VA","Micropolitan Statistical Area","","","Martinsville city","Virginia","VA","51","690","Central","51690",1
"47260","","545","Virginia Beach-Chesapeake-Norfolk, VA-NC","Metropolitan Statistical Area","","Virginia Beach-Chesapeake, VA-NC","Newport News city","Virginia","VA","51","700","Central","51700",1
"47260","","545","Virginia Beach-Chesapeake-Norfolk, VA-NC","Metropolitan Statistical Area","","Virginia Beach-Chesapeake, VA-NC","Norfolk city","Virginia","VA","51","710","Central","51710",1
"","","","","","","","Norton city","","VA","","","","51720",0
"40060","","","Richmond, VA","Metropolitan Statistical Area","","","Petersburg city","Virginia","VA","51","730","Central","51730",1
"47260","","545","Virginia Beach-Chesapeake-Norfolk, VA-NC","Metropolitan Statistical Area","","Virginia Beach-Chesapeake, VA-NC","Poquoson city","Virginia","VA","51","735","Central","51735",1
"47260","","545","Virginia Beach-Chesapeake-Norfolk, VA-NC","Metropolitan Statistical Area","","Virginia Beach-Chesapeake, VA-NC","Portsmouth city","Virginia","VA","51","740","Central","51740",1
"13980","","","Blacksburg-Christiansburg-Radford, VA","Metropolitan Statistical Area","","","Radford city","Virginia","VA","51","750","Central","51750",1
"40060","","","Richmond, VA","Metropolitan Statistical Area","","","Richmond city","Virginia","VA","51","760","Central","51760",1
"40220","","","Roanoke, VA","Metropolitan Statistical Area","","","Roanoke city","Virginia","VA","51","770","Central","51770",1
"40220","","","Roanoke, VA","Metropolitan Statistical Area","","","Salem city","Virginia","VA","51","775","Central","51775",1
"44420","","277","Staunton-Stuarts Draft, VA","Metropolitan Statistical Area","","Harrisonburg-Staunton-Stuarts Draft, VA","Staunton city","Virginia","VA","51","790","Central","51790",1
"47260","","545","Virginia Beach-Chesapeake-Norfolk, VA-NC","Metropolitan Statistical Area","","Virginia Beach-Chesapeake, VA-NC","Suffolk city","Virginia","VA","51","800","Outlying","51800",1
"47260","","545","Virginia Beach-Chesapeake-Norfolk, VA-NC","Metropolitan Statistical Area","","Virginia Beach-Chesapeake, VA-NC","Virginia Beach city","Virginia","VA","51","810","Central","51810",1
"44420","","277","Staunton-Stuarts Draft, VA","Metropolitan Statistical Area","","Harrisonburg-Staunton-Stuarts Draft, VA","Waynesboro city","Virginia","VA","51","820","Central","51820",1
"47260","","545","Virginia Beach-Chesapeake-Norfolk, VA-NC","Metropolitan Statistical Area","","Virginia Beach-Chesapeake, VA-NC","Williamsburg city","Virginia","VA","51","830","Outlying","51830",1
"49020","","548","Winchester, VA-WV","Metropolitan Statistical Area","","Washington-Baltimore-Arlington, DC-MD-VA-WV-PA","Winchester city","Virginia","VA","51","840","Central","51840",1
"36830","","393","Othello, WA","Micropolitan Statistical Area","","Moses Lake-Othello, WA","Adams County","Washington","WA","53","001","Central","53001",1
"30300","","","Lewiston, ID-WA","Metropolitan Statistical Area","","","Asotin County","Washington","WA","53","003","Central","53003",1
"28420","","314","Kennewick-Richland, WA","Metropolitan Statistical Area","","Kennewick-Richland-Walla Walla, WA","Benton County","Washington","WA","53","005","Central","53005",1
"48300","","","Wenatchee-East Wenatchee, WA","Metropolitan Statistical Area","","","Chelan County","Washington","WA","53","007","Central","53007",1
"38820","","","Port Angeles, WA","Micropolitan Statistical Area","","","Clallam County","Washington","WA","53","009","Central","53009",1
"38900","","440","Portland-Vancouver-Hillsboro, OR-WA","Metropolitan Statistical Area","","Portland-Vancouver-Salem, OR-WA","Clark County","Washington","WA","53","011","Central","53011",1
"","","","","","","","Columbia County","","WA","","","","53013",0
"31020","","440","Longview-Kelso, WA","Metropolitan Statistical Area","","Portland-Vancouver-Salem, OR-WA","Cowlitz County","Washington","WA","53","015","Central","53015",1
"48300","","","Wenatchee-East Wenatchee, WA","Metropolitan Statistical Area","","","Douglas County","Washington","WA","53","017","Central","53017",1
"","","","","","","","Ferry County","","WA","","","","53019",0
"28420","","314","Kennewick-Richland, WA","Metropolitan Statistical Area","","Kennewick-Richland-Walla Walla, WA","Franklin County","Washington","WA","53","021","Central","53021",1
"","","","","","","","Garfield County","","WA","","","","53023",0
"34180","","393","Moses Lake, WA","Micropolitan Statistical Area","","Moses Lake-Othello, WA","Grant County","Washington","WA","53","025","Central","53025",1
"10140","","","Aberdeen, WA","Micropolitan Statistical Area","","","Grays Harbor County","Washington","WA","53","027","Central","53027",1
"36020","","500","Oak Harbor, WA","Micropolitan Statistical Area","","Seattle-Tacoma, WA","Island County","Washington","WA","53","029","Central","53029",1
"39040","","","Port Townsend, WA","Micropolitan Statistical Area","","","Jefferson County","Washington","WA","53","031","Central","53031",1
"42660","42644","500","Seattle-Tacoma-Bellevue, WA","Metropolitan Statistical Area","Seattle-Bellevue-Kent, WA","Seattle-Tacoma, WA","King County","Washington","WA","53","033","Central","53033",1
"14740","","500","Bremerton-Silverdale-Port Orchard, WA","Metropolitan Statistical Area","","Seattle-Tacoma, WA","Kitsap County","Washington","WA","53","035","Central","53035",1
"21260","","","Ellensburg, WA","Micropolitan Statistical Area","","","Kittitas County","Washington","WA","53","037","Central","53037",1
"","","","","","","","Klickitat County","","WA","","","","53039",0
"16500","","500","Centralia, WA","Micropolitan Statistical Area","","Seattle-Tacoma, WA","Lewis County","Washington","WA","53","041","Central","53041",1
"","","","","","","","Lincoln County","","WA","","","","53043",0
"43220","","500","Shelton, WA","Micropolitan Statistical Area","","Seattle-Tacoma, WA","Mason County","Washington","WA","53","045","Central","53045",1
"","","","","","","","Okanogan County","","WA","","","","53047",0
"","","","","","","","Pacific County","","WA","","","","53049",0
"","","","","","","","Pend Oreille County","","WA","","","","53051",0
"42660","45104","500","Seattle-Tacoma-Bellevue, WA","Metropolitan Statistical Area","Tacoma-Lakewood, WA","Seattle-Tacoma, WA","Pierce County","Washington","WA","53","053","Central","53053",1
"","","","","","","","San Juan County","","WA","","","","53055",0
"34580","","500","Mount Vernon-Anacortes, WA","Metropolitan Statistical Area","","Seattle-Tacoma, WA","Skagit County","Washington","WA","53","057","Central","53057",1
"38900","","440","Portland-Vancouver-Hillsboro, OR-WA","Metropolitan Statistical Area","","Portland-Vancouver-Salem, OR-WA","Skamania County","Washington","WA","53","059","Outlying","53059",1
"42660","21794","500","Seattle-Tacoma-Bellevue, WA","Metropolitan Statistical Area","Everett, WA","Seattle-Tacoma, WA","Snohomish County","Washington","WA","53","061","Central","53061",1
"44060","","518","Spokane-Spokane Valley, WA","Metropolitan Statistical Area","","Spokane-Spokane Valley-Coeur d'Alene, WA-ID","Spokane County","Washington","WA","53","063","Central","53063",1
"44060","","518","Spokane-Spokane Valley, WA","Metropolitan Statistical Area","","Spokane-Spokane Valley-Coeur d'Alene, WA-ID","Stevens County","Washington","WA","53","065","Outlying","53065",1
"36500","","500","Olympia-Lacey-Tumwater, WA","Metropolitan Statistical Area","","Seattle-Tacoma, WA","Thurston County","Washington","WA","53","067","Central","53067",1
"","","","","","","","Wahkiakum County","","WA","","","","53069",0
"47460","","314","Walla Walla, WA","Metropolitan Statistical Area","","Kennewick-Richland-Walla Walla, WA","Walla Walla County","Washington","WA","53","071","Central","53071",1
"13380","","","Bellingham, WA","Metropolitan Statistical Area","","","Whatcom County","Washington","WA","53","073","Central","53073",1
"39420","","446","Pullman, WA","Micropolitan Statistical Area","","Pullman-Moscow, WA-ID","Whitman County","Washington","WA","53","075","Central","53075",1
"49420","","","Yakima, WA","Metropolitan Statistical Area","","","Yakima County","Washington","WA","53","077","Central","53077",1
"","","","","","","","Barbour County","","WV","","","","54001",0
"25180","","548","Hagerstown-Martinsburg, MD-WV","Metropolitan Statistical Area","","Washington-Baltimore-Arlington, DC-MD-VA-WV-PA","Berkeley County","West Virginia","WV","54","003","Central","54003",1
"16620","","170","Charleston, WV","Metropolitan Statistical Area","","Charleston-Huntington-Ashland, WV-OH-KY","Boone County","West Virginia","WV","54","005","Outlying","54005",1
"","","","","","","","Braxton County","","WV","","","","54007",0
"48260","","430","Weirton-Steubenville, WV-OH","Metropolitan Statistical Area","","Pittsburgh-Weirton-Steubenville, PA-OH-WV","Brooke County","West Virginia","WV","54","009","Central","54009",1
"26580","","170","Huntington-Ashland, WV-KY-OH","Metropolitan Statistical Area","","Charleston-Huntington-Ashland, WV-OH-KY","Cabell County","West Virginia","WV","54","011","Central","54011",1
"","","","","","","","Calhoun County","","WV","","","","54013",0
"16620","","170","Charleston, WV","Metropolitan Statistical Area","","Charleston-Huntington-Ashland, WV-OH-KY","Clay County","West Virginia","WV","54","015","Outlying","54015",1
"17220","","242","Clarksburg, WV","Micropolitan Statistical Area","","Fairmont-Clarksburg, WV","Doddridge County","West Virginia","WV","54","017","Outlying","54017",1
"13220","","","Beckley, WV","Metropolitan Statistical Area","","","Fayette County","West Virginia","WV","54","019","Central","54019",1
"","","","","","","","Gilmer County","","WV","","","","54021",0
"","","","","","","","Grant County","","WV","","","","54023",0
"","","","","","","","Greenbrier County","","WV","","","","54025",0
"49020","","548","Winchester, VA-WV","Metropolitan Statistical Area","","Washington-Baltimore-Arlington, DC-MD-VA-WV-PA","Hampshire County","West Virginia","WV","54","027","Outlying","54027",1
"48260","","430","Weirton-Steubenville, WV-OH","Metropolitan Statistical Area","","Pittsburgh-Weirton-Steubenville, PA-OH-WV","Hancock County","West Virginia","WV","54","029","Central","54029",1
"","","","","","","","Hardy County","","WV","","","","54031",0
"17220","","242","Clarksburg, WV","Micropolitan Statistical Area","","Fairmont-Clarksburg, WV","Harrison County","West Virginia","WV","54","033","Central","54033",1
"","","","","","","","Jackson County","","WV","","","","54035",0
"47900","11694","548","Washington-Arlington-Alexandria, DC-VA-MD-WV","Metropolitan Statistical Area","Arlington-Alexandria-Reston, VA-WV","Washington-Baltimore-Arlington, DC-MD-VA-WV-PA","Jefferson County","West Virginia","WV","54","037","Outlying","54037",1
"16620","","170","Charleston, WV","Metropolitan Statistical Area","","Charleston-Huntington-Ashland, WV-OH-KY","Kanawha County","West Virginia","WV","54","039","Central","54039",1
"","","","","","","","Lewis County","","WV","","","","54041",0
"","","","","","","","Lincoln County","","WV","","","","54043",0
"","","","","","","","Logan County","","WV","","","","54045",0
"","","","","","","","McDowell County","","WV","","","","54047",0
"21900","","242","Fairmont, WV","Micropolitan Statistical Area","","Fairmont-Clarksburg, WV","Marion County","West Virginia","WV","54","049","Central","54049",1
"48540","","","Wheeling, WV-OH","Metropolitan Statistical Area","","","Marshall County","West Virginia","WV","54","051","Outlying","54051",1
"","","","","","","","Mason County","","WV","","","","54053",0
"14140","","","Bluefield, WV-VA","Micropolitan Statistical Area","","","Mercer County","West Virginia","WV","54","055","Central","54055",1
"19060","","","Cumberland, MD-WV","Micropolitan Statistical Area","","","Mineral County","West Virginia","WV","54","057","Outlying","54057",1
"","","","","","","","Mingo County","","WV","","","","54059",0
"34060","","","Morgantown, WV","Metropolitan Statistical Area","","","Monongalia County","West Virginia","WV","54","061","Central","54061",1
"","","","","","","","Monroe County","","WV","","","","54063",0
"25180","","548","Hagerstown-Martinsburg, MD-WV","Metropolitan Statistical Area","","Washington-Baltimore-Arlington, DC-MD-VA-WV-PA","Morgan County","West Virginia","WV","54","065","Outlying","54065",1
"","","","","","","","Nicholas County","","WV","","","","54067",0
"48540","","","Wheeling, WV-OH","Metropolitan Statistical Area","","","Ohio County","West Virginia","WV","54","069","Central","54069",1
"","","","","","","","Pendleton County","","WV","","","","54071",0
"","","","","","","","Pleasants County","","WV","","","","54073",0
"","","","","","","","Pocahontas County","","WV","","","","54075",0
"34060","","","Morgantown, WV","Metropolitan Statistical Area","","","Preston County","West Virginia","WV","54","077","Outlying","54077",1
"26580","","170","Huntington-Ashland, WV-KY-OH","Metropolitan Statistical Area","","Charleston-Huntington-Ashland, WV-OH-KY","Putnam County","West Virginia","WV","54","079","Central","54079",1
"13220","","","Beckley, WV","Metropolitan Statistical Area","","","Raleigh County","West Virginia","WV","54","081","Central","54081",1
"21180","","","Elkins, WV","Micropolitan Statistical Area","","","Randolph County","West Virginia","WV","54","083","Central","54083",1
"","","","","","","","Ritchie County","","WV","","","","54085",0
"","","","","","","","Roane County","","WV","","","","54087",0
"","","","","","","","Summers County","","WV","","","","54089",0
"17220","","242","Clarksburg, WV","Micropolitan Statistical Area","","Fairmont-Clarksburg, WV","Taylor County","West Virginia","WV","54","091","Outlying","54091",1
"","","","","","","","Tucker County","","WV","","","","54093",0
"","","","","","","","Tyler County","","WV","","","","54095",0
"","","","","","","","Upshur County","","WV","","","","54097",0
"26580","","170","Huntington-Ashland, WV-KY-OH","Metropolitan Statistical Area","","Charleston-Huntington-Ashland, WV-OH-KY","Wayne County","West Virginia","WV","54","099","Central","54099",1
"","","","","","","","Webster County","","WV","","","","54101",0
"","","","","","","","Wetzel County","","WV","","","","54103",0
"37620","","425","Parkersburg-Vienna, WV","Metropolitan Statistical Area","","Parkersburg-Marietta-Vienna, WV-OH","Wirt County","West Virginia","WV","54","105","Outlying","54105",1
"37620","","425","Parkersburg-Vienna, WV","Metropolitan Statistical Area","","Parkersburg-Marietta-Vienna, WV-OH","Wood County","West Virginia","WV","54","107","Central","54107",1
"","","","","","","","Wyoming County","","WV","","","","54109",0
"","","","","","","","Adams County","","WI","","","","55001",0
"","","","","","","","Ashland County","","WI","","","","55003",0
"39960","","","Rice Lake, WI","Micropolitan Statistical Area","","","Barron County","Wisconsin","WI","55","005","Central","55005",1
"","","","","","","","Bayfield County","","WI","","","","55007",0
"24580","","267","Green Bay, WI","Metropolitan Statistical Area","","Green Bay-Shawano, WI","Brown County","Wisconsin","WI","55","009","Central","55009",1
"","","","","","","","Buffalo County","","WI","","","","55011",0
"","","","","","","","Burnett County","","WI","","","","55013",0
"11540","","118","Appleton, WI","Metropolitan Statistical Area","","Appleton-Oshkosh-Neenah, WI","Calumet County","Wisconsin","WI","55","015","Central","55015",1
"20740","","232","Eau Claire, WI","Metropolitan Statistical Area","","Eau Claire-Menomonie, WI","Chippewa County","Wisconsin","WI","55","017","Central","55017",1
"","","","","","","","Clark County","","WI","","","","55019",0
"31540","","357","Madison, WI","Metropolitan Statistical Area","","Madison-Janesville-Beloit, WI","Columbia County","Wisconsin","WI","55","021","Outlying","55021",1
"","","","","","","","Crawford County","","WI","","","","55023",0
"31540","","357","Madison, WI","Metropolitan Statistical Area","","Madison-Janesville-Beloit, WI","Dane County","Wisconsin","WI","55","025","Central","55025",1
"13180","","376","Beaver Dam, WI","Micropolitan Statistical Area","","Milwaukee-Racine-Waukesha, WI","Dodge County","Wisconsin","WI","55","027","Central","55027",1
"","","","","","","","Door County","","WI","","","","55029",0
"20260","","228","Duluth, MN-WI","Metropolitan Statistical Area","","Duluth-Grand Rapids, MN-WI","Douglas County","Wisconsin","WI","55","031","Central","55031",1
"32860","","232","Menomonie, WI","Micropolitan Statistical Area","","Eau Claire-Menomonie, WI","Dunn County","Wisconsin","WI","55","033","Central","55033",1
"20740","","232","Eau Claire, WI","Metropolitan Statistical Area","","Eau Claire-Menomonie, WI","Eau Claire County","Wisconsin","WI","55","035","Central","55035",1
"27020","","361","Iron Mountain, MI-WI","Micropolitan Statistical Area","","Marinette-Iron Mountain, WI-MI","Florence County","Wisconsin","WI","55","037","Outlying","55037",1
"22540","","","Fond du Lac, WI","Metropolitan Statistical Area","","","Fond du Lac County","Wisconsin","WI","55","039","Central","55039",1
"","","","","","","","Forest County","","WI","","","","55041",0
"38420","","","Platteville, WI","Micropolitan Statistical Area","","","Grant County","Wisconsin","WI","55","043","Central","55043",1
"31540","","357","Madison, WI","Metropolitan Statistical Area","","Madison-Janesville-Beloit, WI","Green County","Wisconsin","WI","55","045","Outlying","55045",1
"","","","","","","","Green Lake County","","WI","","","","55047",0
"31540","","357","Madison, WI","Metropolitan Statistical Area","","Madison-Janesville-Beloit, WI","Iowa County","Wisconsin","WI","55","049","Outlying","55049",1
"","","","","","","","Iron County","","WI","","","","55051",0
"","","","","","","","Jackson County","","WI","","","","55053",0
"48020","","376","Watertown-Fort Atkinson, WI","Micropolitan Statistical Area","","Milwaukee-Racine-Waukesha, WI","Jefferson County","Wisconsin","WI","55","055","Central","55055",1
"","","","","","","","Juneau County","","WI","","","","55057",0
"28450","","176","Kenosha, WI","Metropolitan Statistical Area","","Chicago-Naperville, IL-IN-WI","Kenosha County","Wisconsin","WI","55","059","Central","55059",1
"24580","","267","Green Bay, WI","Metropolitan Statistical Area","","Green Bay-Shawano, WI","Kewaunee County","Wisconsin","WI","55","061","Outlying","55061",1
"29100","","317","La Crosse-Onalaska, WI-MN","Metropolitan Statistical Area","","La Crosse-Onalaska-Sparta, WI-MN","La Crosse County","Wisconsin","WI","55","063","Central","55063",1
"","","","","","","","Lafayette County","","WI","","","","55065",0
"","","","","","","","Langlade County","","WI","","","","55067",0
"","","","","","","","Lincoln County","","WI","","","","55069",0
"31820","","","Manitowoc, WI","Micropolitan Statistical Area","","","Manitowoc County","Wisconsin","WI","55","071","Central","55071",1
"48140","","554","Wausau, WI","Metropolitan Statistical Area","","Wausau-Stevens Point-Wisconsin Rapids, WI","Marathon County","Wisconsin","WI","55","073","Central","55073",1
"31940","","361","Marinette, WI-MI","Micropolitan Statistical Area","","Marinette-Iron Mountain, WI-MI","Marinette County","Wisconsin","WI","55","075","Central","55075",1
"","","","","","","","Marquette County","","WI","","","","55077",0
"43020","","267","Shawano, WI","Micropolitan Statistical Area","","Green Bay-Shawano, WI","Menominee County","Wisconsin","WI","55","078","Outlying","55078",1
"33340","","376","Milwaukee-Waukesha, WI","Metropolitan Statistical Area","","Milwaukee-Racine-Waukesha, WI","Milwaukee County","Wisconsin","WI","55","079","Central","55079",1
"43890","","317","Sparta, WI","Micropolitan Statistical Area","","La Crosse-Onalaska-Sparta, WI-MN","Monroe County","Wisconsin","WI","55","081","Central","55081",1
"24580","","267","Green Bay, WI","Metropolitan Statistical Area","","Green Bay-Shawano, WI","Oconto County","Wisconsin","WI","55","083","Outlying","55083",1
"","","","","","","","Oneida County","","WI","","","","55085",0
"11540","","118","Appleton, WI","Metropolitan Statistical Area","","Appleton-Oshkosh-Neenah, WI","Outagamie County","Wisconsin","WI","55","087","Central","55087",1
"33340","","376","Milwaukee-Waukesha, WI","Metropolitan Statistical Area","","Milwaukee-Racine-Waukesha, WI","Ozaukee County","Wisconsin","WI","55","089","Outlying","55089",1
"","","","","","","","Pepin County","","WI","","","","55091",0
"33460","","378","Minneapolis-St. Paul-Bloomington, MN-WI","Metropolitan Statistical Area","","Minneapolis-St. Paul, MN-WI","Pierce County","Wisconsin","WI","55","093","Outlying","55093",1
"","","","","","","","Polk County","","WI","","","","55095",0
"44620","","554","Stevens Point-Plover, WI","Micropolitan Statistical Area","","Wausau-Stevens Point-Wisconsin Rapids, WI","Portage County","Wisconsin","WI","55","097","Central","55097",1
"","","","","","","","Price County","","WI","","","","55099",0
"39540","","376","Racine-Mount Pleasant, WI","Metropolitan Statistical Area","","Milwaukee-Racine-Waukesha, WI","Racine County","Wisconsin","WI","55","101","Central","55101",1
"","","","","","","","Richland County","","WI","","","","55103",0
"27500","","357","Janesville-Beloit, WI","Metropolitan Statistical Area","","Madison-Janesville-Beloit, WI","Rock County","Wisconsin","WI","55","105","Central","55105",1
"","","","","","","","Rusk County","","WI","","","","55107",0
"33460","","378","Minneapolis-St. Paul-Bloomington, MN-WI","Metropolitan Statistical Area","","Minneapolis-St. Paul, MN-WI","St. Croix County","Wisconsin","WI","55","109","Outlying","55109",1
"12660","","357","Baraboo, WI","Micropolitan Statistical Area","","Madison-Janesville-Beloit, WI","Sauk County","Wisconsin","WI","55","111","Central","55111",1
"","","","","","","","Sawyer County","","WI","","","","55113",0
"43020","","267","Shawano, WI","Micropolitan Statistical Area","","Green Bay-Shawano, WI","Shawano County","Wisconsin","WI","55","115","Central","55115",1
"43100","","","Sheboygan, WI","Metropolitan Statistical Area","","","Sheboygan County","Wisconsin","WI","55","117","Central","55117",1
"","","","","","","","Taylor County","","WI","","","","55119",0
"","","","","","","","Trempealeau County","","WI","","","","55121",0
"29100","","317","La Crosse-Onalaska, WI-MN","Metropolitan Statistical Area","","La Crosse-Onalaska-Sparta, WI-MN","Vernon County","Wisconsin","WI","55","123","Outlying","55123",1
"","","","","","","","Vilas County","","WI","","","","55125",0
"48580","","376","Whitewater-Elkhorn, WI","Micropolitan Statistical Area","","Milwaukee-Racine-Waukesha, WI","Walworth County","Wisconsin","WI","55","127","Central","55127",1
"","","","","","","","Washburn County","","WI","","","","55129",0
"33340","","376","Milwaukee-Waukesha, WI","Metropolitan Statistical Area","","Milwaukee-Racine-Waukesha, WI","Washington County","Wisconsin","WI","55","131","Outlying","55131",1
"33340","","376","Milwaukee-Waukesha, WI","Metropolitan Statistical Area","","Milwaukee-Racine-Waukesha, WI","Waukesha County","Wisconsin","WI","55","133","Central","55133",1
"","","","","","","","Waupaca County","","WI","","","","55135",0
"","","","","","","","Waushara County","","WI","","","","55137",0
"36780","","118","Oshkosh-Neenah, WI","Metropolitan Statistical Area","","Appleton-Oshkosh-Neenah, WI","Winnebago County","Wisconsin","WI","55","139","Central","55139",1
"49220","","554","Wisconsin Rapids-Marshfield, WI","Micropolitan Statistical Area","","Wausau-Stevens Point-Wisconsin Rapids, WI","Wood County","Wisconsin","WI","55","141","Central","55141",1
"29660","","","Laramie, WY","Micropolitan Statistical Area","","","Albany County","Wyoming","WY","56","001","Central","56001",1
"","","","","","","","Big Horn County","","WY","","","","56003",0
"23940","","","Gillette, WY","Micropolitan Statistical Area","","","Campbell County","Wyoming","WY","56","005","Central","56005",1
"","","","","","","","Carbon County","","WY","","","","56007",0
"","","","","","","","Converse County","","WY","","","","56009",0
"","","","","","","","Crook County","","WY","","","","56011",0
"40180","","","Riverton, WY","Micropolitan Statistical Area","","","Fremont County","Wyoming","WY","56","013","Central","56013",1
"","","","","","","","Goshen County","","WY","","","","56015",0
"","","","","","","","Hot Springs County","","WY","","","","56017",0
"","","","","","","","Johnson County","","WY","","","","56019",0
"16940","","","Cheyenne, WY","Metropolitan Statistical Area","","","Laramie County","Wyoming","WY","56","021","Central","56021",1
"","","","","","","","Lincoln County","","WY","","","","56023",0
"16220","","","Casper, WY","Metropolitan Statistical Area","","","Natrona County","Wyoming","WY","56","025","Central","56025",1
"","","","","","","","Niobrara County","","WY","","","","56027",0
"17650","","","Cody, WY","Micropolitan Statistical Area","","","Park County","Wyoming","WY","56","029","Central","56029",1
"","","","","","","","Platte County","","WY","","","","56031",0
"43260","","","Sheridan, WY","Micropolitan Statistical Area","","","Sheridan County","Wyoming","WY","56","033","Central","56033",1
"","","","","","","","Sublette County","","WY","","","","56035",0
"40540","","","Rock Springs, WY","Micropolitan Statistical Area","","","Sweetwater County","Wyoming","WY","56","037","Central","56037",1
"27220","","","Jackson, WY-ID","Micropolitan Statistical Area","","","Teton County","Wyoming","WY","56","039","Central","56039",1
"21740","","","Evanston, WY-UT","Micropolitan Statistical Area","","","Uinta County","Wyoming","WY","56","041","Central","56041",1
"","","","","","","","Washakie County","","WY","","","","56043",0
"","","","","","","","Weston County","","WY","","","","56045",0
"","","","","","","","Adjuntas Municipio","","PR","","","","72001",0
"10380","","364","Aguadilla, PR","Metropolitan Statistical Area","","Mayagüez-Aguadilla, PR","Aguada Municipio","Puerto Rico","PR","72","003","Central","72003",1
"10380","","364","Aguadilla, PR","Metropolitan Statistical Area","","Mayagüez-Aguadilla, PR","Aguadilla Municipio","Puerto Rico","PR","72","005","Central","72005",1
"41980","","490","San Juan-Bayamón-Caguas, PR","Metropolitan Statistical Area","","San Juan-Bayamón, PR","Aguas Buenas Municipio","Puerto Rico","PR","72","007","Central","72007",1
"41980","","490","San Juan-Bayamón-Caguas, PR","Metropolitan Statistical Area","","San Juan-Bayamón, PR","Aibonito Municipio","Puerto Rico","PR","72","009","Outlying","72009",1
"10380","","364","Aguadilla, PR","Metropolitan Statistical Area","","Mayagüez-Aguadilla, PR","Añasco Municipio","Puerto Rico","PR","72","011","Central","72011",1
"11640","","490","Arecibo, PR","Metropolitan Statistical Area","","San Juan-Bayamón, PR","Arecibo Municipio","Puerto Rico","PR","72","013","Central","72013",1
"25020","","490","Guayama, PR","Metropolitan Statistical Area","","San Juan-Bayamón, PR","Arroyo Municipio","Puerto Rico","PR","72","015","Central","72015",1
"41980","","490","San Juan-Bayamón-Caguas, PR","Metropolitan Statistical Area","","San Juan-Bayamón, PR","Barceloneta Municipio","Puerto Rico","PR","72","017","Outlying","72017",1
"41980","","490","San Juan-Bayamón-Caguas, PR","Metropolitan Statistical Area","","San Juan-Bayamón, PR","Barranquitas Municipio","Puerto Rico","PR","72","019","Central","72019",1
"41980","","490","San Juan-Bayamón-Caguas, PR","Metropolitan Statistical Area","","San Juan-Bayamón, PR","Bayamón Municipio","Puerto Rico","PR","72","021","Central","72021",1
"32420","","364","Mayagüez, PR","Metropolitan Statistical Area","","Mayagüez-Aguadilla, PR","Cabo Rojo Municipio","Puerto Rico","PR","72","023","Central","72023",1
"41980","","490","San Juan-Bayamón-Caguas, PR","Metropolitan Statistical Area","","San Juan-Bayamón, PR","Caguas Municipio","Puerto Rico","PR","72","025","Central","72025",1
"11640","","490","Arecibo, PR","Metropolitan Statistical Area","","San Juan-Bayamón, PR","Camuy Municipio","Puerto Rico","PR","72","027","Central","72027",1
"41980","","490","San Juan-Bayamón-Caguas, PR","Metropolitan Statistical Area","","San Juan-Bayamón, PR","Canóvanas Municipio","Puerto Rico","PR","72","029","Central","72029",1
"41980","","490","San Juan-Bayamón-Caguas, PR","Metropolitan Statistical Area","","San Juan-Bayamón, PR","Carolina Municipio","Puerto Rico","PR","72","031","Central","72031",1
"41980","","490","San Juan-Bayamón-Caguas, PR","Metropolitan Statistical Area","","San Juan-Bayamón, PR","Cataño Municipio","Puerto Rico","PR","72","033","Central","72033",1
"41980","","490","San Juan-Bayamón-Caguas, PR","Metropolitan Statistical Area","","San Juan-Bayamón, PR","Cayey Municipio","Puerto Rico","PR","72","035","Central","72035",1
"41980","","490","San Juan-Bayamón-Caguas, PR","Metropolitan Statistical Area","","San Juan-Bayamón, PR","Ceiba Municipio","Puerto Rico","PR","72","037","Outlying","72037",1
"41980","","490","San Juan-Bayamón-Caguas, PR","Metropolitan Statistical Area","","San Juan-Bayamón, PR","Ciales Municipio","Puerto Rico","PR","72","039","Outlying","72039",1
"41980","","490","San Juan-Bayamón-Caguas, PR","Metropolitan Statistical Area","","San Juan-Bayamón, PR","Cidra Municipio","Puerto Rico","PR","72","041","Central","72041",1
"17620","","434","Coamo, PR","Micropolitan Statistical Area","","Ponce-Coamo, PR","Coamo Municipio","Puerto Rico","PR","72","043","Central","72043",1
"41980","","490","San Juan-Bayamón-Caguas, PR","Metropolitan Statistical Area","","San Juan-Bayamón, PR","Comerío Municipio","Puerto Rico","PR","72","045","Central","72045",1
"41980","","490","San Juan-Bayamón-Caguas, PR","Metropolitan Statistical Area","","San Juan-Bayamón, PR","Corozal Municipio","Puerto Rico","PR","72","047","Central","72047",1
"","","","","","","","Culebra Municipio","","PR","","","","72049",0
"41980","","490","San Juan-Bayamón-Caguas, PR","Metropolitan Statistical Area","","San Juan-Bayamón, PR","Dorado Municipio","Puerto Rico","PR","72","051","Central","72051",1
"41980","","490","San Juan-Bayamón-Caguas, PR","Metropolitan Statistical Area","","San Juan-Bayamón, PR","Fajardo Municipio","Puerto Rico","PR","72","053","Outlying","72053",1
"41980","","490","San Juan-Bayamón-Caguas, PR","Metropolitan Statistical Area","","San Juan-Bayamón, PR","Florida Municipio","Puerto Rico","PR","72","054","Outlying","72054",1
"","","","","","","","Guánica Municipio","","PR","","","","72055",0
"25020","","490","Guayama, PR","Metropolitan Statistical Area","","San Juan-Bayamón, PR","Guayama Municipio","Puerto Rico","PR","72","057","Central","72057",1
"38660","","434","Ponce, PR","Metropolitan Statistical Area","","Ponce-Coamo, PR","Guayanilla Municipio","Puerto Rico","PR","72","059","Outlying","72059",1
"41980","","490","San Juan-Bayamón-Caguas, PR","Metropolitan Statistical Area","","San Juan-Bayamón, PR","Guaynabo Municipio","Puerto Rico","PR","72","061","Central","72061",1
"41980","","490","San Juan-Bayamón-Caguas, PR","Metropolitan Statistical Area","","San Juan-Bayamón, PR","Gurabo Municipio","Puerto Rico","PR","72","063","Central","72063",1
"11640","","490","Arecibo, PR","Metropolitan Statistical Area","","San Juan-Bayamón, PR","Hatillo Municipio","Puerto Rico","PR","72","065","Central","72065",1
"32420","","364","Mayagüez, PR","Metropolitan Statistical Area","","Mayagüez-Aguadilla, PR","Hormigueros Municipio","Puerto Rico","PR","72","067","Outlying","72067",1
"41980","","490","San Juan-Bayamón-Caguas, PR","Metropolitan Statistical Area","","San Juan-Bayamón, PR","Humacao Municipio","Puerto Rico","PR","72","069","Central","72069",1
"10380","","364","Aguadilla, PR","Metropolitan Statistical Area","","Mayagüez-Aguadilla, PR","Isabela Municipio","Puerto Rico","PR","72","071","Central","72071",1
"","","","","","","","Jayuya Municipio","","PR","","","","72073",0
"38660","","434","Ponce, PR","Metropolitan Statistical Area","","Ponce-Coamo, PR","Juana Díaz Municipio","Puerto Rico","PR","72","075","Outlying","72075",1
"41980","","490","San Juan-Bayamón-Caguas, PR","Metropolitan Statistical Area","","San Juan-Bayamón, PR","Juncos Municipio","Puerto Rico","PR","72","077","Central","72077",1
"32420","","364","Mayagüez, PR","Metropolitan Statistical Area","","Mayagüez-Aguadilla, PR","Lajas Municipio","Puerto Rico","PR","72","079","Central","72079",1
"29720","","490","Lares, PR","Micropolitan Statistical Area","","San Juan-Bayamón, PR","Lares Municipio","Puerto Rico","PR","72","081","Central","72081",1
"","","","","","","","Las Marías Municipio","","PR","","","","72083",0
"41980","","490","San Juan-Bayamón-Caguas, PR","Metropolitan Statistical Area","","San Juan-Bayamón, PR","Las Piedras Municipio","Puerto Rico","PR","72","085","Central","72085",1
"41980","","490","San Juan-Bayamón-Caguas, PR","Metropolitan Statistical Area","","San Juan-Bayamón, PR","Loíza Municipio","Puerto Rico","PR","72","087","Outlying","72087",1
"41980","","490","San Juan-Bayamón-Caguas, PR","Metropolitan Statistical Area","","San Juan-Bayamón, PR","Luquillo Municipio","Puerto Rico","PR","72","089","Outlying","72089",1
"41980","","490","San Juan-Bayamón-Caguas, PR","Metropolitan Statistical Area","","San Juan-Bayamón, PR","Manatí Municipio","Puerto Rico","PR","72","091","Central","72091",1
"","","","","","","","Maricao Municipio","","PR","","","","72093",0
"41980","","490","San Juan-Bayamón-Caguas, PR","Metropolitan Statistical Area","","San Juan-Bayamón, PR","Maunabo Municipio","Puerto Rico","PR","72","095","Central","72095",1
"32420","","364","Mayagüez, PR","Metropolitan Statistical Area","","Mayagüez-Aguadilla, PR","Mayagüez Municipio","Puerto Rico","PR","72","097","Outlying","72097",1
"10380","","364","Aguadilla, PR","Metropolitan Statistical Area","","Mayagüez-Aguadilla, PR","Moca Municipio","Puerto Rico","PR","72","099","Central","72099",1
"41980","","490","San Juan-Bayamón-Caguas, PR","Metropolitan Statistical Area","","San Juan-Bayamón, PR","Morovis Municipio","Puerto Rico","PR","72","101","Central","72101",1
"41980","","490","San Juan-Bayamón-Caguas, PR","Metropolitan Statistical Area","","San Juan-Bayamón, PR","Naguabo Municipio","Puerto Rico","PR","72","103","Outlying","72103",1
"41980","","490","San Juan-Bayamón-Caguas, PR","Metropolitan Statistical Area","","San Juan-Bayamón, PR","Naranjito Municipio","Puerto Rico","PR","72","105","Central","72105",1
"41980","","490","San Juan-Bayamón-Caguas, PR","Metropolitan Statistical Area","","San Juan-Bayamón, PR","Orocovis Municipio","Puerto Rico","PR","72","107","Central","72107",1
"25020","","490","Guayama, PR","Metropolitan Statistical Area","","San Juan-Bayamón, PR","Patillas Municipio","Puerto Rico","PR","72","109","Central","72109",1
"38660","","434","Ponce, PR","Metropolitan Statistical Area","","Ponce-Coamo, PR","Peñuelas Municipio","Puerto Rico","PR","72","111","Outlying","72111",1
"38660","","434","Ponce, PR","Metropolitan Statistical Area","","Ponce-Coamo, PR","Ponce Municipio","Puerto Rico","PR","72","113","Central","72113",1
"11640","","490","Arecibo, PR","Metropolitan Statistical Area","","San Juan-Bayamón, PR","Quebradillas Municipio","Puerto Rico","PR","72","115","Central","72115",1
"10380","","364","Aguadilla, PR","Metropolitan Statistical Area","","Mayagüez-Aguadilla, PR","Rincón Municipio","Puerto Rico","PR","72","117","Central","72117",1
"41980","","490","San Juan-Bayamón-Caguas, PR","Metropolitan Statistical Area","","San Juan-Bayamón, PR","Río Grande Municipio","Puerto Rico","PR","72","119","Central","72119",1
"32420","","364","Mayagüez, PR","Metropolitan Statistical Area","","Mayagüez-Aguadilla, PR","Sabana Grande Municipio","Puerto Rico","PR","72","121","Central","72121",1
"17640","","490","Coco, PR","Micropolitan Statistical Area","","San Juan-Bayamón, PR","Salinas Municipio","Puerto Rico","PR","72","123","Central","72123",1
"32420","","364","Mayagüez, PR","Metropolitan Statistical Area","","Mayagüez-Aguadilla, PR","San Germán Municipio","Puerto Rico","PR","72","125","Central","72125",1
"41980","","490","San Juan-Bayamón-Caguas, PR","Metropolitan Statistical Area","","San Juan-Bayamón, PR","San Juan Municipio","Puerto Rico","PR","72","127","Central","72127",1
"41980","","490","San Juan-Bayamón-Caguas, PR","Metropolitan Statistical Area","","San Juan-Bayamón, PR","San Lorenzo Municipio","Puerto Rico","PR","72","129","Central","72129",1
"10380","","364","Aguadilla, PR","Metropolitan Statistical Area","","Mayagüez-Aguadilla, PR","San Sebastián Municipio","Puerto Rico","PR","72","131","Central","72131",1
"17620","","434","Coamo, PR","Micropolitan Statistical Area","","Ponce-Coamo, PR","Santa Isabel Municipio","Puerto Rico","PR","72","133","Central","72133",1
"41980","","490","San Juan-Bayamón-Caguas, PR","Metropolitan Statistical Area","","San Juan-Bayamón, PR","Toa Alta Municipio","Puerto Rico","PR","72","135","Central","72135",1
"41980","","490","San Juan-Bayamón-Caguas, PR","Metropolitan Statistical Area","","San Juan-Bayamón, PR","Toa Baja Municipio","Puerto Rico","PR","72","137","Central","72137",1
"41980","","490","San Juan-Bayamón-Caguas, PR","Metropolitan Statistical Area","","San Juan-Bayamón, PR","Trujillo Alto Municipio","Puerto Rico","PR","72","139","Central","72139",1
"46580","","490","Utuado, PR","Micropolitan Statistical Area","","San Juan-Bayamón, PR","Utuado Municipio","Puerto Rico","PR","72","141","Central","72141",1
"41980","","490","San Juan-Bayamón-Caguas, PR","Metropolitan Statistical Area","","San Juan-Bayamón, PR","Vega Alta Municipio","Puerto Rico","PR","72","143","Central","72143",1
"41980","","490","San Juan-Bayamón-Caguas, PR","Metropolitan Statistical Area","","San Juan-Bayamón, PR","Vega Baja Municipio","Puerto Rico","PR","72","145","Central","72145",1
"","","","","","","","Vieques Municipio","","PR","","","","72147",0
"38660","","434","Ponce, PR","Metropolitan Statistical Area","","Ponce-Coamo, PR","Villalba Municipio","Puerto Rico","PR","72","149","Outlying","72149",1
"41980","","490","San Juan-Bayamón-Caguas, PR","Metropolitan Statistical Area","","San Juan-Bayamón, PR","Yabucoa Municipio","Puerto Rico","PR","72","151","Central","72151",1
"38660","","434","Ponce, PR","Metropolitan Statistical Area","","Ponce-Coamo, PR","Yauco Municipio","Puerto Rico","PR","72","153","Outlying","72153",1
